11
33
33
42
50
55
56
56
59
65
70
74
90
100
103
128
131
143
160
165
167
169
171
176
181
189
219
239
240
253
288
302
314
321
322
326
327
331
343
362
367
369
381
387
390
401
431
433
434
441
454
456
461
498
507
507
509
509
514
546
553
564
572
576
578
580
597
601
613
615
626
629
632
651
682
691
696
702
727
731
737
737
740
747
762
765
766
768
774
778
783
787
790
796
796
798
800
801
802
808
809
815
822
828
834
854
858
875
891
892
895
897
903
905
907
920
927
936
951
954
962
968
972
987
987
1004
1017
1019
1022
1029
1035
1042
1049
1083
1104
1104
1117
1125
1128
1146
1149
1158
1175
1182
1199
1203
1214
1223
1227
1233
1244
1244
1249
1252
1253
1264
1270
1277
1282
1298
1299
1307
1329
1342
1345
1349
1350
1351
1351
1356
1362
1384
1390
1391
1394
1395
1406
1416
1421
1431
1433
1448
1458
1459
1468
1474
1475
1495
1498
1512
1513
1527
1538
1539
1539
1559
1570
1584
1603
1619
1628
1637
1640
1645
1647
1668
1671
1675
1678
1705
1713
1733
1741
1751
1759
1762
1764
1764
1770
1784
1785
1791
1807
1810
1816
1824
1833
1847
1864
1869
1871
1878
1882
1885
1904
1908
1913
1919
1929
1939
1956
1975
1984
1988
1991
1994
1999
2020
2020
2025
2031
2043
2059
2063
2079
2079
2081
2098
2101
2112
2115
2115
2116
2116
2130
2151
2162
2170
2181
2190
2193
2197
2198
2201
2203
2209
2219
2237
2258
2283
2284
2285
2289
2315
2318
2326
2329
2353
2363
2394
2399
2407
2416
2422
2430
2448
2452
2453
2464
2473
2493
2496
2497
2502
2505
2518
2521
2536
2536
2555
2562
2571
2578
2592
2601
2605
2619
2622
2631
2640
2641
2643
2654
2655
2656
2656
2676
2679
2694
2715
2731
2736
2737
2739
2753
2762
2768
2784
2791
2799
2800
2808
2824
2830
2831
2836
2837
2837
2842
2844
2856
2856
2867
2872
2873
2876
2890
2891
2894
2897
2914
2917
2918
2919
2926
2938
2941
2943
2949
2958
2965
2988
2989
3022
3027
3031
3043
3054
3058
3063
3067
3089
3090
3096
3102
3106
3111
3111
3113
3116
3118
3120
3124
3124
3125
3129
3130
3143
3144
3144
3151
3153
3180
3181
3182
3188
3196
3196
3207
3227
3230
3231
3241
3247
3257
3264
3267
3268
3268
3288
3291
3293
3299
3313
3317
3325
3333
3336
3339
3340
3352
3361
3377
3378
3380
3381
3394
3400
3405
3412
3422
3423
3426
3427
3427
3443
3450
3452
3454
3476
3478
3483
3483
3487
3488
3497
3499
3500
3500
3503
3510
3514
3541
3547
3562
3566
3568
3606
3621
3643
3650
3654
3654
3655
3659
3673
3678
3681
3684
3688
3694
3698
3705
3710
3715
3746
3802
3802
3802
3805
3808
3808
3815
3831
3843
3845
3847
3849
3852
3852
3860
3867
3868
3869
3882
3890
3896
3898
3900
3903
3909
3911
3914
3918
3925
3960
3962
3970
3982
3983
3988
4010
4022
4024
4063
4075
4077
4082
4086
4089
4092
4116
4121
4128
4141
4144
4151
4155
4167
4183
4189
4189
4191
4194
4207
4213
4218
4219
4224
4235
4250
4270
4270
4272
4290
4291
4293
4301
4317
4333
4334
4335
4341
4341
4348
4393
4394
4394
4402
4411
4413
4430
4434
4435
4446
4447
4452
4457
4457
4466
4475
4476
4482
4484
4489
4491
4491
4495
4496
4503
4508
4514
4532
4539
4554
4555
4562
4564
4566
4568
4577
4611
4628
4631
4633
4660
4693
4694
4697
4703
4706
4707
4729
4730
4743
4759
4763
4769
4784
4788
4789
4793
4807
4820
4820
4825
4828
4832
4855
4856
4861
4866
4875
4889
4891
4898
4924
4934
4945
4949
4958
4959
4960
4964
4969
4977
4981
5012
5017
5019
5026
5032
5046
5064
5084
5085
5086
5100
5104
5109
5116
5122
5147
5149
5149
5151
5162
5163
5185
5185
5200
5204
5206
5207
5214
5239
5245
5250
5251
5251
5266
5271
5279
5281
5292
5292
5298
5309
5329
5336
5342
5363
5395
5395
5399
5400
5429
5480
5491
5499
5500
5500
5507
5511
5516
5520
5524
5525
5534
5541
5545
5545
5552
5570
5578
5586
5589
5610
5617
5619
5630
5633
5639
5641
5662
5663
5673
5679
5698
5705
5712
5715
5719
5725
5739
5741
5775
5781
5782
5783
5788
5797
5800
5806
5809
5812
5828
5835
5847
5850
5854
5865
5865
5866
5868
5873
5890
5942
5949
5950
5951
5959
5968
5968
5998
6004
6007
6008
6023
6036
6051
6055
6062
6080
6102
6108
6118
6141
6150
6150
6180
6184
6185
6186
6188
6190
6191
6194
6196
6197
6213
6229
6245
6248
6252
6253
6255
6256
6282
6295
6315
6321
6328
6336
6345
6375
6381
6435
6458
6458
6459
6465
6473
6473
6473
6474
6495
6518
6528
6529
6529
6530
6546
6552
6552
6559
6560
6577
6577
6578
6608
6610
6617
6620
6629
6639
6674
6674
6675
6678
6679
6679
6687
6688
6692
6695
6700
6715
6722
6738
6748
6759
6765
6779
6788
6790
6810
6816
6820
6821
6829
6835
6840
6845
6848
6855
6860
6869
6871
6876
6893
6895
6897
6904
6914
6914
6929
6930
6934
6942
6950
6959
6975
6993
6995
7006
7006
7011
7019
7030
7033
7050
7055
7069
7080
7081
7091
7122
7126
7146
7152
7152
7162
7171
7178
7179
7213
7218
7220
7222
7227
7228
7229
7231
7243
7247
7247
7258
7259
7275
7296
7321
7328
7329
7330
7337
7340
7366
7370
7373
7391
7399
7405
7414
7430
7433
7439
7442
7446
7447
7451
7459
7463
7467
7473
7474
7479
7482
7490
7506
7506
7515
7516
7518
7523
7554
7554
7556
7563
7577
7580
7589
7592
7600
7616
7628
7654
7655
7670
7676
7681
7685
7690
7716
7720
7731
7738
7750
7762
7763
7766
7767
7781
7806
7807
7833
7833
7842
7844
7846
7849
7851
7855
7870
7876
7886
7894
7912
7926
7927
7949
7958
7959
7967
7968
7973
7983
7989
8003
8013
8018
8027
8039
8046
8060
8063
8067
8077
8080
8090
8091
8097
8101
8109
8115
8137
8167
8171
8204
8213
8219
8221
8229
8241
8255
8257
8262
8283
8284
8303
8307
8309
8310
8343
8346
8354
8369
8372
8376
8381
8387
8407
8418
8421
8432
8434
8446
8473
8504
8516
8531
8542
8544
8554
8563
8564
8565
8566
8568
8569
8578
8602
8607
8636
8649
8658
8663
8665
8671
8676
8690
8696
8702
8712
8720
8737
8738
8740
8746
8770
8775
8779
8787
8792
8802
8806
8834
8842
8845
8851
8862
8867
8881
8889
8901
8912
8918
8970
8977
8980
8980
8987
9014
9018
9018
9040
9069
9070
9077
9095
9095
9100
9109
9111
9120
9122
9128
9140
9142
9150
9179
9191
9209
9211
9215
9223
9227
9239
9242
9242
9244
9247
9248
9276
9280
9288
9305
9310
9323
9323
9335
9340
9346
9352
9356
9374
9383
9393
9399
9404
9404
9407
9438
9448
9454
9456
9466
9479
9482
9491
9498
9500
9501
9505
9525
9526
9529
9535
9537
9563
9567
9576
9578
9601
9614
9618
9630
9632
9632
9638
9647
9657
9662
9672
9690
9704
9731
9739
9744
9745
9746
9754
9763
9781
9789
9794
9797
9803
9805
9847
9863
9868
9870
9872
9876
9877
9883
9885
9903
9904
9910
9916
9938
9940
9973
9992
9997
10006
10006
10016
10026
10036
10046
10081
10086
10093
10097
10098
10127
10129
10136
10187
10190
10191
10204
10215
10216
10225
10226
10245
10251
10253
10261
10261
10261
10267
10267
10280
10283
10290
10302
10302
10307
10322
10343
10345
10348
10359
10370
10372
10375
10379
10383
10383
10384
10393
10409
10416
10429
10434
10437
10447
10456
10460
10463
10469
10483
10488
10495
10496
10507
10510
10529
10534
10538
10541
10543
10553
10554
10558
10564
10572
10573
10574
10582
10601
10648
10657
10658
10660
10668
10671
10679
10682
10685
10691
10695
10722
10725
10725
10735
10736
10740
10749
10754
10755
10764
10771
10777
10804
10814
10823
10825
10826
10827
10835
10835
10855
10855
10860
10864
10865
10871
10876
10896
10903
10915
10922
10933
10943
10948
10982
10988
10989
10994
10996
10999
11018
11045
11046
11073
11076
11099
11103
11106
11137
11142
11152
11158
11162
11169
11176
11178
11185
11187
11191
11199
11211
11213
11214
11221
11226
11253
11274
11277
11294
11295
11299
11335
11362
11384
11390
11416
11417
11441
11444
11447
11448
11458
11478
11483
11491
11501
11508
11526
11536
11553
11553
11575
11585
11604
11611
11618
11620
11621
11639
11649
11676
11681
11689
11691
11697
11704
11711
11712
11719
11734
11737
11747
11752
11763
11769
11772
11776
11779
11787
11791
11807
11810
11817
11818
11829
11834
11837
11843
11862
11888
11890
11911
11915
11915
11916
11918
11946
11949
11964
11965
11974
11975
11981
11981
11982
11982
11992
11992
11997
11998
12001
12021
12031
12039
12040
12043
12047
12049
12054
12075
12077
12095
12102
12103
12104
12106
12108
12112
12120
12122
12130
12205
12220
12223
12250
12253
12257
12267
12271
12280
12284
12287
12297
12316
12320
12321
12342
12351
12365
12376
12385
12387
12405
12411
12413
12423
12424
12437
12443
12456
12458
12462
12468
12472
12478
12479
12490
12504
12510
12521
12522
12527
12528
12545
12545
12550
12569
12579
12585
12591
12595
12596
12597
12612
12635
12652
12667
12673
12677
12684
12690
12697
12710
12710
12729
12730
12730
12734
12738
12741
12746
12754
12754
12774
12791
12791
12799
12799
12803
12817
12829
12831
12832
12845
12847
12848
12849
12849
12860
12862
12869
12877
12880
12907
12909
12915
12920
12925
12929
12938
12939
12946
12950
12967
12998
13002
13015
13019
13022
13025
13026
13027
13038
13042
13045
13064
13085
13101
13103
13106
13109
13125
13127
13138
13141
13152
13166
13173
13180
13185
13192
13194
13195
13203
13215
13222
13236
13238
13239
13260
13263
13303
13304
13320
13345
13346
13354
13356
13364
13366
13368
13378
13378
13389
13393
13394
13397
13410
13431
13433
13435
13448
13454
13465
13476
13477
13477
13479
13480
13483
13490
13504
13507
13516
13517
13520
13523
13526
13526
13537
13541
13566
13572
13581
13587
13596
13596
13601
13606
13607
13618
13622
13626
13626
13634
13638
13656
13659
13669
13677
13685
13696
13696
13726
13730
13731
13734
13736
13739
13751
13785
13793
13794
13799
13807
13819
13836
13845
13846
13864
13867
13868
13870
13884
13885
13886
13890
13890
13907
13917
13925
13935
13937
13944
13946
13952
13954
13961
13964
13983
13985
14004
14012
14024
14026
14028
14031
14031
14033
14058
14065
14082
14103
14109
14111
14124
14139
14157
14162
14170
14170
14173
14174
14178
14193
14202
14211
14216
14216
14222
14223
14229
14242
14242
14246
14253
14255
14256
14272
14287
14288
14289
14298
14310
14316
14321
14321
14325
14346
14352
14374
14377
14380
14382
14387
14390
14393
14399
14407
14410
14419
14420
14423
14430
14431
14432
14438
14448
14455
14455
14458
14464
14495
14496
14498
14506
14509
14514
14514
14528
14538
14550
14575
14599
14601
14601
14611
14612
14636
14639
14645
14648
14653
14660
14662
14666
14670
14676
14682
14686
14692
14723
14734
14735
14746
14746
14756
14763
14769
14786
14794
14794
14796
14802
14820
14824
14826
14830
14843
14847
14852
14858
14863
14863
14886
14890
14893
14895
14906
14909
14918
14918
14920
14934
14940
14941
14950
14953
14960
14977
14979
14986
14998
15005
15011
15013
15014
15036
15052
15074
15084
15092
15095
15103
15128
15129
15130
15137
15148
15162
15171
15173
15174
15184
15189
15208
15212
15220
15230
15234
15238
15241
15241
15252
15253
15257
15257
15261
15268
15270
15281
15305
15306
15312
15320
15321
15339
15350
15353
15373
15374
15374
15382
15384
15385
15389
15390
15393
15403
15405
15418
15438
15439
15465
15468
15469
15481
15483
15490
15491
15499
15501
15520
15533
15537
15538
15540
15544
15544
15545
15559
15575
15595
15595
15597
15598
15598
15603
15609
15611
15611
15643
15649
15652
15662
15668
15669
15678
15682
15702
15703
15731
15738
15752
15768
15826
15830
15835
15840
15846
15847
15870
15888
15896
15926
15930
15935
15936
15943
15951
15963
15964
15975
15981
15990
15990
15991
15997
16008
16031
16032
16058
16079
16083
16086
16093
16095
16106
16111
16116
16133
16153
16160
16165
16175
16194
16196
16204
16228
16228
16232
16233
16240
16271
16273
16274
16306
16308
16315
16316
16326
16338
16341
16343
16353
16356
16364
16369
16370
16372
16377
16382
16392
16400
16422
16425
16436
16444
16471
16482
16486
16487
16492
16496
16500
16551
16554
16563
16567
16575
16594
16616
16622
16632
16645
16645
16649
16656
16657
16662
16667
16676
16685
16690
16696
16711
16718
16725
16732
16733
16735
16736
16740
16756
16768
16770
16770
16771
16791
16798
16802
16814
16816
16828
16837
16858
16883
16885
16888
16888
16899
16903
16908
16918
16919
16933
16940
16940
16948
16963
16972
16977
16983
16988
16988
16997
17011
17031
17037
17038
17047
17063
17072
17078
17078
17090
17126
17132
17157
17168
17170
17178
17181
17189
17189
17190
17196
17203
17220
17222
17237
17244
17248
17268
17279
17292
17293
17294
17306
17314
17324
17366
17376
17386
17388
17401
17420
17427
17443
17449
17458
17458
17461
17466
17477
17494
17497
17498
17500
17506
17519
17521
17522
17526
17544
17556
17563
17565
17602
17609
17613
17613
17620
17638
17643
17658
17671
17676
17686
17687
17696
17697
17700
17708
17725
17731
17734
17758
17761
17824
17832
17834
17835
17845
17851
17857
17858
17868
17879
17891
17899
17920
17921
17922
17944
17945
17948
17961
17965
17978
17986
18001
18008
18017
18033
18034
18037
18037
18040
18046
18048
18052
18057
18066
18066
18067
18100
18106
18107
18112
18129
18136
18156
18156
18167
18173
18177
18198
18224
18235
18235
18236
18239
18244
18247
18253
18254
18256
18258
18259
18270
18277
18286
18318
18329
18330
18341
18344
18352
18360
18360
18368
18370
18374
18394
18408
18426
18439
18440
18440
18454
18470
18470
18471
18472
18478
18488
18504
18507
18520
18535
18536
18547
18552
18605
18618
18628
18654
18666
18672
18679
18708
18717
18721
18748
18793
18802
18802
18803
18806
18812
18816
18824
18833
18835
18843
18856
18858
18872
18875
18881
18889
18904
18906
18921
18923
18925
18925
18926
18931
18939
18940
18947
18951
18956
18956
18965
18967
18987
18996
19001
19003
19008
19014
19014
19025
19026
19029
19037
19037
19044
19046
19064
19074
19078
19079
19091
19104
19111
19132
19142
19157
19159
19162
19181
19185
19196
19205
19208
19209
19209
19220
19232
19233
19243
19251
19258
19264
19274
19274
19282
19288
19289
19296
19298
19301
19307
19307
19333
19334
19334
19334
19336
19336
19336
19346
19375
19379
19389
19390
19390
19417
19427
19430
19436
19441
19459
19471
19474
19483
19488
19489
19502
19520
19536
19543
19554
19566
19579
19579
19587
19588
19589
19590
19604
19606
19618
19643
19653
19656
19661
19680
19688
19689
19690
19702
19703
19706
19706
19710
19719
19722
19725
19726
19728
19737
19758
19762
19767
19791
19793
19800
19804
19825
19826
19828
19830
19839
19847
19848
19850
19857
19859
19861
19871
19871
19873
19887
19905
19907
19914
19923
19926
19940
19941
19946
19957
19970
19971
19972
19976
19983
19990
19994
20004
20021
20029
20045
20046
20049
20066
20072
20072
20075
20075
20075
20079
20080
20096
20122
20125
20132
20149
20166
20174
20180
20190
20193
20204
20205
20215
20216
20218
20234
20234
20252
20254
20265
20267
20280
20291
20293
20301
20309
20324
20326
20335
20338
20361
20364
20373
20390
20391
20407
20425
20433
20441
20463
20474
20478
20487
20488
20501
20503
20509
20518
20532
20545
20561
20573
20577
20581
20586
20593
20596
20597
20613
20614
20615
20627
20631
20634
20649
20649
20654
20664
20692
20694
20702
20705
20711
20713
20715
20715
20724
20727
20729
20745
20751
20753
20754
20785
20790
20800
20801
20802
20804
20810
20811
20818
20827
20865
20877
20877
20888
20890
20890
20898
20900
20905
20927
20928
20938
20941
20943
20949
20954
20964
20972
20988
20990
20993
21017
21027
21034
21061
21064
21065
21091
21092
21092
21094
21096
21100
21105
21107
21114
21130
21130
21150
21151
21161
21169
21179
21181
21192
21193
21196
21201
21216
21220
21231
21231
21231
21235
21241
21245
21258
21264
21277
21279
21283
21284
21294
21301
21307
21321
21326
21328
21333
21342
21343
21344
21350
21351
21353
21360
21364
21378
21379
21403
21416
21460
21475
21485
21505
21506
21515
21516
21517
21526
21533
21535
21535
21536
21552
21555
21566
21576
21598
21615
21618
21627
21629
21634
21641
21643
21647
21655
21659
21664
21674
21676
21678
21679
21682
21695
21698
21724
21748
21755
21762
21765
21766
21769
21769
21774
21781
21815
21830
21833
21833
21837
21838
21844
21853
21855
21859
21878
21885
21885
21895
21897
21900
21906
21909
21924
21926
21927
21938
21943
21947
21965
21966
21976
21989
21991
21996
22005
22007
22007
22015
22019
22025
22027
22032
22040
22048
22050
22055
22060
22062
22066
22075
22075
22080
22081
22082
22088
22093
22096
22099
22112
22115
22126
22143
22149
22153
22155
22167
22167
22168
22180
22181
22184
22198
22200
22210
22221
22227
22233
22233
22241
22253
22261
22274
22298
22300
22305
22306
22322
22325
22327
22343
22346
22390
22391
22393
22394
22397
22399
22411
22457
22487
22490
22506
22508
22509
22514
22518
22519
22525
22525
22530
22533
22550
22550
22553
22558
22562
22563
22588
22589
22596
22600
22603
22621
22622
22622
22632
22636
22647
22647
22652
22656
22659
22666
22683
22685
22686
22698
22699
22713
22718
22720
22726
22737
22741
22756
22758
22766
22767
22789
22793
22797
22805
22812
22817
22828
22836
22853
22855
22856
22873
22880
22881
22885
22887
22888
22899
22909
22918
22919
22930
22935
22939
22943
22944
22945
22965
22974
22997
23019
23033
23041
23049
23061
23062
23064
23065
23065
23067
23075
23075
23077
23079
23112
23116
23116
23127
23129
23146
23156
23158
23159
23161
23169
23173
23179
23188
23208
23213
23218
23234
23235
23258
23261
23264
23269
23275
23276
23282
23289
23297
23300
23316
23325
23328
23338
23339
23346
23349
23357
23369
23370
23374
23379
23380
23381
23381
23405
23415
23431
23437
23441
23451
23456
23465
23470
23482
23482
23483
23485
23491
23505
23506
23506
23521
23523
23528
23537
23539
23553
23555
23559
23564
23592
23594
23598
23622
23637
23642
23649
23651
23664
23668
23669
23679
23681
23688
23691
23716
23721
23722
23740
23763
23764
23772
23773
23775
23787
23797
23806
23807
23823
23836
23840
23852
23857
23859
23867
23875
23897
23899
23901
23918
23933
23942
23949
23953
23959
23971
23979
23990
23993
24003
24010
24028
24030
24031
24041
24042
24060
24071
24077
24079
24079
24088
24100
24102
24105
24129
24138
24142
24160
24170
24172
24172
24179
24185
24208
24209
24224
24235
24238
24241
24248
24266
24266
24278
24285
24285
24298
24299
24308
24325
24341
24348
24365
24368
24372
24372
24376
24395
24396
24405
24411
24440
24445
24448
24455
24455
24463
24471
24496
24511
24528
24531
24538
24559
24561
24567
24568
24579
24584
24585
24593
24603
24607
24614
24621
24627
24649
24654
24675
24676
24682
24695
24706
24709
24718
24718
24734
24737
24746
24749
24752
24753
24759
24767
24788
24789
24790
24791
24799
24800
24803
24836
24850
24852
24872
24900
24952
24958
24980
24994
25001
25004
25011
25020
25037
25040
25048
25073
25074
25092
25095
25096
25097
25111
25113
25114
25118
25119
25122
25129
25135
25136
25138
25146
25149
25149
25149
25158
25159
25165
25168
25172
25180
25181
25202
25204
25211
25211
25217
25222
25223
25224
25229
25236
25239
25271
25277
25279
25279
25282
25282
25285
25285
25298
25317
25318
25341
25369
25379
25389
25405
25424
25431
25431
25442
25446
25453
25460
25482
25484
25484
25488
25488
25494
25504
25512
25514
25516
25522
25539
25543
25556
25587
25588
25598
25609
25613
25626
25648
25653
25654
25658
25685
25696
25704
25711
25712
25721
25728
25736
25743
25751
25754
25759
25762
25762
25768
25769
25775
25775
25777
25784
25795
25798
25799
25805
25820
25829
25833
25837
25842
25853
25861
25879
25881
25881
25882
25888
25900
25904
25911
25920
25929
25940
25941
25954
25982
25983
25983
25990
25994
25994
25995
25998
26002
26003
26005
26005
26013
26016
26016
26019
26023
26028
26032
26032
26048
26063
26064
26069
26072
26075
26077
26079
26100
26108
26110
26111
26111
26118
26121
26124
26133
26139
26141
26145
26152
26175
26180
26184
26190
26207
26211
26211
26212
26215
26238
26251
26259
26262
26274
26279
26281
26296
26307
26344
26351
26374
26379
26379
26379
26385
26397
26403
26406
26423
26423
26446
26450
26452
26467
26481
26488
26491
26499
26501
26526
26544
26548
26552
26558
26577
26579
26596
26602
26607
26613
26621
26626
26628
26642
26645
26653
26662
26665
26682
26685
26687
26704
26706
26707
26711
26714
26717
26720
26722
26737
26751
26756
26757
26771
26781
26784
26785
26785
26789
26792
26812
26819
26827
26839
26839
26848
26862
26880
26888
26895
26897
26908
26931
26935
26935
26935
26939
26954
26957
26969
26984
26989
27026
27028
27058
27072
27080
27088
27088
27094
27131
27144
27148
27158
27163
27170
27172
27183
27194
27203
27209
27215
27234
27236
27251
27266
27268
27277
27278
27280
27289
27291
27294
27296
27302
27305
27310
27321
27333
27343
27343
27355
27368
27368
27372
27374
27375
27378
27389
27397
27400
27408
27417
27422
27422
27432
27441
27443
27460
27466
27468
27471
27474
27499
27499
27501
27513
27516
27546
27549
27582
27585
27589
27599
27604
27611
27613
27619
27627
27629
27652
27665
27668
27675
27692
27702
27711
27711
27715
27723
27740
27754
27756
27767
27778
27794
27798
27798
27799
27799
27830
27844
27850
27869
27880
27881
27883
27906
27907
27931
27934
27935
27941
27942
27947
27969
27971
27972
27983
27985
27986
27986
27990
28007
28015
28040
28043
28045
28051
28057
28061
28075
28075
28101
28108
28113
28141
28157
28157
28181
28189
28191
28194
28195
28208
28209
28218
28246
28248
28251
28264
28267
28269
28271
28271
28278
28307
28316
28318
28324
28331
28344
28349
28351
28362
28375
28378
28380
28400
28418
28419
28423
28428
28447
28450
28453
28462
28466
28471
28482
28484
28491
28493
28515
28521
28522
28525
28525
28526
28544
28560
28562
28571
28576
28584
28595
28615
28654
28665
28688
28699
28700
28712
28715
28722
28722
28731
28744
28749
28776
28791
28804
28818
28821
28836
28839
28852
28857
28862
28874
28875
28895
28907
28909
28917
28923
28930
28931
28939
28939
28973
28975
28982
28993
29002
29005
29039
29042
29043
29048
29059
29071
29079
29082
29105
29121
29128
29135
29136
29138
29144
29160
29162
29166
29169
29173
29187
29193
29201
29209
29215
29224
29233
29235
29240
29242
29244
29246
29254
29261
29262
29268
29275
29281
29284
29299
29309
29310
29332
29336
29348
29354
29360
29385
29393
29397
29411
29411
29442
29451
29459
29461
29462
29466
29480
29484
29485
29498
29500
29534
29546
29551
29552
29573
29579
29587
29588
29593
29600
29620
29622
29632
29639
29642
29644
29661
29666
29682
29696
29712
29726
29738
29743
29767
29769
29769
29800
29817
29818
29823
29831
29834
29841
29869
29871
29880
29894
29898
29898
29903
29916
29922
29925
29926
29938
29947
29951
29956
29972
29975
29977
29984
29996
29998
29999
30001
30013
30021
30022
30042
30044
30048
30054
30058
30059
30067
30072
30073
30080
30092
30093
30094
30118
30154
30167
30170
30170
30176
30189
30193
30203
30205
30208
30216
30225
30228
30236
30237
30250
30251
30253
30258
30263
30269
30270
30280
30289
30315
30355
30363
30378
30388
30392
30396
30397
30402
30419
30423
30427
30442
30444
30449
30466
30474
30475
30481
30488
30499
30500
30507
30513
30518
30530
30534
30567
30575
30580
30590
30595
30630
30634
30635
30645
30650
30658
30678
30687
30689
30696
30703
30709
30710
30748
30769
30771
30783
30783
30788
30791
30808
30811
30812
30833
30838
30840
30864
30895
30907
30907
30907
30907
30919
30936
30949
30954
30959
30960
30967
30978
30982
30991
30992
30994
31011
31028
31042
31062
31079
31079
31085
31092
31097
31101
31114
31119
31138
31144
31145
31147
31150
31152
31156
31159
31194
31212
31216
31217
31221
31225
31226
31228
31232
31235
31245
31254
31256
31266
31271
31285
31302
31306
31311
31311
31318
31321
31327
31342
31350
31355
31366
31373
31380
31390
31404
31406
31415
31445
31450
31459
31470
31483
31487
31491
31494
31515
31524
31530
31543
31544
31546
31558
31559
31560
31568
31568
31573
31578
31585
31586
31593
31593
31598
31607
31619
31619
31636
31640
31659
31682
31692
31716
31721
31730
31735
31736
31737
31780
31782
31799
31804
31804
31805
31806
31812
31822
31831
31832
31834
31844
31859
31866
31869
31869
31872
31879
31882
31893
31894
31895
31902
31904
31905
31906
31912
31918
31930
31933
31951
31954
31957
31961
31965
31974
31980
31997
31998
32001
32005
32006
32033
32036
32040
32045
32076
32088
32102
32106
32109
32118
32122
32126
32126
32128
32145
32156
32163
32166
32175
32199
32199
32202
32204
32229
32251
32265
32274
32276
32282
32285
32285
32285
32288
32295
32298
32304
32317
32332
32333
32333
32364
32393
32407
32417
32425
32433
32440
32466
32492
32508
32515
32528
32529
32539
32555
32576
32577
32585
32594
32598
32615
32621
32622
32642
32654
32656
32657
32657
32687
32687
32700
32705
32734
32761
32761
32762
32767
