7
20
22
23
30
49
59
68
68
69
71
79
83
91
106
107
107
125
137
142
156
185
185
196
211
214
219
233
249
253
254
256
260
263
271
286
286
292
298
303
306
309
310
312
324
338
342
361
362
363
366
372
389
394
421
422
426
429
441
444
448
449
449
454
465
475
485
496
501
503
504
516
516
525
534
538
540
548
549
560
561
572
573
598
598
600
611
639
639
688
701
708
712
735
737
744
749
749
764
765
769
771
784
786
791
791
842
854
855
863
874
874
877
878
895
898
903
906
920
922
923
933
941
978
979
981
991
1000
1010
1011
1013
1015
1025
1050
1063
1068
1081
1102
1107
1111
1113
1126
1127
1161
1183
1188
1188
1198
1202
1203
1208
1209
1209
1259
1285
1293
1303
1305
1322
1324
1326
1335
1345
1346
1363
1392
1393
1414
1421
1439
1453
1458
1486
1500
1500
1518
1521
1534
1543
1543
1543
1545
1558
1574
1578
1583
1598
1602
1613
1625
1637
1660
1698
1703
1706
1712
1721
1736
1745
1751
1757
1759
1763
1771
1788
1790
1794
1804
1823
1826
1840
1847
1869
1872
1872
1873
1881
1885
1887
1898
1919
1919
1920
1930
1939
1948
1949
1950
1966
1968
1975
1975
2020
2023
2025
2033
2037
2042
2045
2049
2049
2051
2068
2070
2073
2078
2081
2083
2087
2093
2120
2128
2149
2152
2155
2159
2161
2167
2170
2186
2200
2207
2213
2214
2215
2222
2235
2238
2241
2246
2252
2278
2291
2296
2319
2322
2323
2327
2328
2328
2340
2369
2374
2379
2389
2393
2396
2407
2414
2419
2429
2442
2456
2459
2460
2464
2468
2482
2484
2488
2498
2500
2504
2508
2511
2513
2546
2556
2557
2571
2572
2582
2600
2616
2621
2623
2627
2651
2664
2670
2673
2680
2711
2713
2727
2732
2747
2751
2767
2771
2777
2779
2796
2817
2817
2826
2830
2832
2845
2858
2872
2883
2887
2900
2908
2914
2919
2919
2920
2925
2963
2967
2969
2972
3005
3008
3043
3054
3056
3061
3068
3075
3078
3082
3083
3083
3090
3096
3100
3104
3108
3114
3118
3118
3120
3130
3131
3136
3137
3139
3144
3157
3159
3168
3178
3181
3185
3187
3194
3219
3244
3250
3252
3254
3285
3290
3299
3311
3315
3329
3334
3364
3398
3407
3411
3414
3416
3417
3426
3429
3442
3447
3452
3453
3458
3463
3466
3467
3472
3487
3489
3497
3502
3510
3520
3537
3546
3546
3557
3567
3572
3574
3617
3630
3632
3636
3667
3669
3674
3679
3685
3699
3699
3700
3705
3706
3716
3717
3719
3722
3746
3751
3759
3762
3774
3778
3783
3793
3805
3808
3815
3817
3827
3832
3837
3845
3851
3863
3865
3867
3868
3882
3898
3900
3906
3925
3935
3941
3948
3950
3959
3960
3963
3967
3971
3981
3999
4003
4012
4020
4020
4036
4049
4052
4065
4080
4086
4099
4120
4121
4128
4131
4136
4143
4158
4162
4164
4168
4178
4184
4189
4190
4197
4220
4223
4236
4242
4258
4270
4274
4277
4286
4310
4325
4334
4347
4355
4355
4361
4362
4369
4381
4384
4388
4416
4436
4447
4457
4460
4463
4472
4489
4489
4499
4511
4525
4526
4548
4557
4564
4565
4571
4579
4634
4643
4647
4649
4656
4665
4680
4709
4713
4725
4727
4736
4746
4748
4758
4758
4763
4775
4775
4787
4796
4799
4800
4818
4819
4821
4823
4824
4827
4845
4877
4890
4900
4906
4913
4918
4925
4932
4946
4948
4949
4951
4954
4958
4966
4969
4971
4991
5003
5025
5034
5056
5063
5076
5082
5086
5089
5101
5117
5130
5130
5149
5150
5155
5159
5161
5167
5168
5181
5189
5191
5193
5194
5195
5198
5198
5205
5216
5223
5246
5255
5256
5257
5262
5265
5266
5273
5282
5292
5310
5326
5350
5352
5375
5387
5390
5391
5393
5397
5416
5419
5438
5471
5472
5482
5498
5508
5510
5514
5528
5531
5531
5533
5547
5554
5562
5574
5579
5583
5614
5623
5623
5624
5627
5628
5635
5647
5650
5671
5673
5673
5674
5683
5687
5703
5705
5707
5718
5724
5725
5735
5746
5749
5750
5760
5769
5777
5790
5801
5803
5805
5816
5823
5831
5835
5837
5841
5866
5869
5870
5878
5882
5884
5888
5902
5904
5907
5927
5933
5946
5956
5957
5961
5961
5972
5979
5997
5997
6013
6015
6023
6024
6025
6026
6027
6029
6038
6049
6055
6059
6062
6073
6076
6079
6081
6091
6094
6096
6099
6100
6102
6107
6111
6121
6150
6158
6159
6167
6172
6173
6181
6183
6187
6249
6250
6255
6258
6261
6276
6311
6320
6320
6340
6342
6352
6361
6363
6377
6382
6392
6398
6402
6410
6428
6428
6435
6456
6457
6458
6471
6481
6483
6512
6532
6539
6541
6548
6552
6566
6582
6588
6591
6594
6598
6599
6599
6602
6603
6612
6653
6658
6661
6661
6678
6703
6705
6705
6715
6724
6729
6729
6738
6740
6741
6748
6765
6782
6789
6795
6796
6808
6812
6814
6815
6816
6822
6830
6836
6843
6855
6864
6865
6872
6878
6897
6908
6912
6921
6922
6963
6970
6977
6983
6995
7005
7031
7034
7077
7089
7097
7127
7133
7136
7138
7142
7146
7163
7189
7190
7193
7197
7200
7204
7207
7218
7231
7232
7233
7235
7254
7258
7264
7276
7284
7288
7329
7332
7332
7343
7348
7349
7350
7351
7352
7353
7353
7378
7378
7396
7407
7428
7440
7442
7454
7456
7461
7489
7495
7507
7508
7515
7515
7515
7538
7542
7548
7549
7553
7554
7554
7559
7584
7584
7586
7588
7588
7600
7605
7605
7607
7614
7615
7617
7621
7627
7637
7643
7668
7682
7689
7689
7695
7696
7701
7701
7706
7708
7715
7716
7717
7737
7747
7763
7766
7769
7775
7790
7795
7828
7836
7841
7842
7843
7848
7849
7861
7864
7888
7889
7903
7919
7929
7933
7935
7960
7967
7968
7970
7973
7975
7979
7980
7991
8005
8006
8015
8026
8037
8043
8044
8054
8056
8064
8066
8067
8078
8085
8086
8123
8147
8155
8172
8177
8179
8192
8192
8193
8193
8195
8198
8198
8204
8213
8219
8219
8238
8238
8241
8250
8253
8258
8261
8262
8269
8286
8292
8300
8319
8330
8331
8335
8337
8351
8366
8387
8389
8392
8393
8393
8401
8414
8417
8421
8427
8442
8444
8455
8458
8476
8499
8515
8517
8531
8534
8538
8556
8562
8565
8566
8568
8570
8578
8594
8602
8619
8647
8650
8662
8670
8677
8680
8691
8692
8701
8706
8706
8715
8728
8736
8749
8758
8761
8762
8762
8786
8799
8799
8806
8812
8813
8836
8856
8858
8861
8863
8864
8873
8876
8889
8893
8894
8897
8904
8909
8917
8926
8929
8932
8960
8963
8966
8968
8974
8978
8985
8991
9001
9007
9007
9009
9019
9019
9026
9041
9042
9050
9055
9078
9087
9088
9090
9100
9109
9126
9145
9183
9189
9202
9214
9215
9225
9241
9243
9250
9265
9270
9273
9290
9300
9301
9324
9324
9336
9340
9342
9342
9344
9354
9362
9371
9379
9383
9398
9406
9421
9421
9430
9439
9445
9445
9460
9486
9501
9501
9507
9509
9512
9516
9527
9531
9532
9580
9590
9596
9599
9602
9610
9641
9646
9653
9674
9680
9686
9712
9714
9720
9722
9728
9746
9758
9777
9806
9820
9848
9865
9885
9889
9889
9889
9903
9906
9907
9915
9916
9926
9932
9941
9967
9984
9988
9994
10001
10009
10014
10015
10018
10025
10025
10027
10028
10039
10039
10041
10045
10049
10059
10060
10078
10079
10094
10119
10139
10149
10153
10160
10171
10174
10176
10179
10193
10196
10212
10213
10222
10228
10253
10290
10292
10303
10312
10315
10316
10321
10328
10363
10368
10390
10391
10402
10407
10424
10452
10456
10475
10478
10489
10491
10496
10511
10512
10514
10527
10530
10563
10612
10612
10614
10616
10624
10630
10632
10634
10641
10645
10645
10646
10653
10663
10670
10701
10705
10710
10726
10737
10739
10743
10743
10747
10749
10755
10760
10780
10783
10788
10791
10794
10812
10814
10822
10853
10856
10859
10861
10868
10888
10899
10909
10925
10938
10961
10962
10974
10979
10983
10994
11009
11015
11020
11022
11027
11033
11049
11051
11051
11052
11064
11071
11073
11079
11080
11084
11097
11102
11103
11105
11109
11117
11123
11127
11127
11133
11135
11150
11162
11177
11181
11186
11210
11211
11219
11221
11233
11241
11273
11274
11275
11280
11302
11309
11310
11318
11321
11322
11323
11328
11331
11338
11355
11359
11360
11372
11375
11381
11384
11387
11391
11395
11400
11400
11400
11400
11404
11408
11420
11421
11430
11430
11436
11441
11457
11463
11478
11493
11499
11499
11501
11511
11512
11520
11530
11532
11533
11542
11557
11560
11560
11561
11574
11584
11596
11603
11608
11609
11612
11631
11631
11642
11671
11671
11671
11702
11711
11720
11723
11729
11756
11758
11760
11773
11776
11777
11781
11782
11784
11792
11796
11810
11818
11821
11824
11847
11847
11851
11862
11867
11871
11875
11878
11880
11892
11896
11912
11913
11919
11920
11932
11942
11952
11954
11955
11960
11968
11988
11989
11991
11991
11992
11996
12000
12003
12005
12011
12015
12016
12025
12027
12031
12036
12036
12049
12053
12061
12066
12078
12091
12097
12098
12104
12108
12109
12114
12116
12122
12123
12127
12129
12134
12139
12152
12152
12155
12155
12166
12180
12181
12186
12187
12194
12205
12210
12212
12221
12232
12249
12250
12252
12253
12257
12257
12264
12271
12288
12289
12299
12309
12309
12310
12321
12324
12326
12327
12353
12355
12361
12366
12385
12411
12413
12418
12424
12425
12436
12439
12454
12456
12457
12457
12474
12484
12486
12495
12495
12498
12504
12507
12508
12512
12519
12526
12529
12537
12541
12552
12554
12566
12590
12591
12593
12598
12603
12607
12607
12610
12619
12639
12643
12643
12659
12663
12669
12675
12688
12697
12698
12711
12714
12718
12723
12747
12748
12749
12749
12756
12756
12759
12775
12776
12783
12792
12793
12805
12831
12834
12839
12850
12857
12859
12869
12870
12870
12880
12896
12901
12908
12909
12932
12932
12942
12949
12953
12957
12967
12967
12969
12991
13003
13012
13012
13026
13028
13029
13030
13034
13040
13049
13052
13058
13064
13069
13076
13080
13093
13109
13145
13146
13149
13160
13174
13175
13203
13206
13208
13212
13224
13233
13238
13245
13260
13262
13271
13273
13279
13300
13306
13321
13326
13336
13337
13347
13391
13393
13397
13397
13406
13407
13414
13415
13421
13430
13441
13445
13459
13460
13463
13468
13472
13487
13489
13489
13504
13516
13522
13525
13532
13552
13560
13572
13588
13592
13597
13603
13640
13655
13675
13679
13687
13704
13713
13716
13726
13731
13731
13736
13739
13740
13745
13752
13753
13753
13769
13783
13783
13805
13813
13819
13820
13822
13824
13825
13825
13830
13841
13845
13861
13885
13889
13906
13906
13915
13924
13935
13935
13944
13954
13959
13962
13976
13978
13992
13993
14021
14022
14029
14039
14041
14042
14045
14046
14048
14050
14054
14069
14086
14093
14097
14104
14113
14113
14120
14127
14138
14138
14141
14149
14157
14159
14165
14167
14172
14175
14192
14192
14200
14212
14216
14217
14235
14239
14242
14295
14296
14296
14299
14304
14311
14316
14337
14349
14368
14374
14376
14378
14381
14383
14389
14418
14429
14438
14442
14465
14468
14476
14479
14484
14488
14488
14489
14489
14507
14511
14513
14561
14561
14573
14574
14575
14586
14587
14593
14593
14603
14603
14615
14617
14641
14641
14643
14655
14656
14664
14667
14671
14680
14690
14695
14717
14721
14723
14732
14736
14740
14745
14751
14767
14776
14777
14783
14785
14787
14787
14787
14799
14809
14821
14840
14842
14855
14860
14870
14875
14877
14880
14883
14892
14895
14905
14908
14908
14942
14947
14955
14964
14983
15020
15038
15040
15046
15063
15065
15082
15085
15087
15119
15157
15158
15171
15190
15221
15231
15239
15254
15264
15282
15305
15307
15318
15320
15349
15351
15354
15367
15379
15390
15395
15398
15398
15400
15414
15415
15443
15447
15448
15452
15467
15473
15482
15485
15485
15489
15489
15491
15495
15498
15509
15517
15521
15522
15543
15544
15560
15561
15564
15567
15569
15569
15571
15603
15619
15622
15640
15642
15644
15648
15653
15654
15668
15681
15687
15695
15696
15697
15698
15702
15703
15705
15718
15724
15745
15760
15769
15779
15781
15782
15784
15788
15796
15804
15822
15822
15842
15847
15851
15860
15867
15885
15886
15913
15924
15924
15930
15930
15930
15933
15943
15946
15946
15955
15967
15967
15983
15994
15997
15999
16019
16025
16026
16053
16088
16088
16088
16090
16099
16101
16116
16128
16137
16138
16141
16146
16158
16178
16179
16189
16192
16192
16201
16201
16206
16248
16252
16279
16286
16308
16338
16375
16396
16401
16403
16407
16411
16420
16424
16424
16432
16435
16435
16436
16442
16449
16460
16466
16494
16494
16505
16512
16515
16531
16534
16549
16553
16560
16579
16593
16595
16600
16602
16613
16620
16629
16629
16641
16643
16650
16654
16655
16663
16665
16675
16685
16686
16693
16698
16715
16731
16752
16755
16757
16758
16760
16764
16769
16777
16797
16805
16819
16829
16853
16860
16870
16873
16878
16878
16892
16898
16923
16927
16933
16940
16951
16956
16959
16966
16974
16979
16983
16984
17004
17007
17009
17010
17023
17023
17026
17036
17080
17086
17093
17094
17107
17120
17120
17139
17153
17155
17161
17173
17187
17202
17217
17236
17243
17244
17245
17251
17257
17263
17266
17281
17295
17306
17339
17345
17346
17349
17357
17360
17379
17379
17379
17384
17386
17387
17389
17404
17405
17411
17411
17417
17423
17425
17443
17444
17447
17455
17460
17463
17467
17477
17479
17492
17494
17503
17522
17525
17529
17533
17538
17539
17540
17544
17551
17558
17593
17611
17612
17618
17631
17632
17632
17632
17641
17645
17657
17658
17658
17661
17662
17671
17690
17697
17707
17711
17719
17726
17745
17758
17763
17767
17776
17779
17779
17786
17786
17796
17801
17802
17803
17815
17825
17849
17850
17854
17877
17893
17896
17908
17909
17914
17914
17925
17926
17935
17941
17949
17958
17966
17981
17999
18017
18019
18024
18031
18056
18065
18073
18076
18077
18093
18102
18102
18103
18126
18131
18133
18134
18144
18149
18154
18178
18181
18183
18183
18187
18192
18214
18217
18221
18223
18226
18231
18233
18234
18235
18257
18262
18272
18282
18287
18300
18301
18302
18312
18316
18318
18325
18335
18339
18341
18358
18368
18372
18379
18382
18385
18388
18403
18409
18412
18413
18423
18441
18442
18451
18452
18464
18469
18488
18500
18524
18531
18533
18538
18541
18548
18549
18551
18551
18572
18575
18579
18590
18596
18599
18606
18648
18670
18684
18692
18693
18699
18702
18702
18709
18710
18714
18719
18724
18726
18728
18744
18754
18755
18761
18775
18799
18804
18817
18830
18830
18855
18888
18900
18927
18938
18940
18962
18972
18983
19003
19003
19004
19005
19008
19025
19029
19038
19053
19056
19062
19082
19082
19089
19096
19100
19117
19119
19132
19138
19139
19142
19187
19189
19207
19207
19222
19227
19227
19228
19228
19230
19243
19259
19278
19284
19287
19297
19299
19299
19304
19307
19309
19321
19352
19358
19375
19392
19400
19411
19413
19415
19449
19466
19466
19473
19476
19480
19505
19509
19511
19512
19526
19539
19540
19542
19572
19572
19573
19586
19598
19606
19610
19611
19613
19614
19615
19628
19631
19666
19687
19695
19696
19707
19708
19714
19719
19731
19742
19754
19759
19763
19768
19775
19784
19792
19803
19810
19815
19819
19824
19830
19830
19837
19838
19842
19845
19850
19854
19871
19875
19878
19879
19887
19892
19900
19904
19907
19931
19934
19935
19938
19945
19946
19946
19960
19971
19972
19989
20010
20028
20039
20044
20056
20058
20064
20065
20077
20079
20107
20116
20124
20133
20152
20165
20166
20171
20171
20176
20179
20185
20201
20208
20212
20236
20250
20256
20258
20261
20274
20285
20290
20332
20337
20345
20349
20350
20350
20354
20372
20384
20384
20398
20400
20417
20434
20439
20448
20457
20461
20462
20465
20465
20472
20475
20477
20489
20490
20495
20499
20502
20521
20534
20539
20543
20544
20548
20563
20563
20565
20567
20569
20585
20586
20587
20617
20618
20620
20625
20626
20642
20646
20647
20655
20655
20655
20656
20663
20666
20682
20683
20696
20700
20727
20727
20741
20746
20746
20757
20765
20775
20778
20814
20818
20836
20857
20864
20872
20873
20879
20925
20943
20947
20958
20966
20976
20981
20983
20987
20997
21002
21029
21030
21031
21032
21043
21046
21047
21049
21057
21061
21068
21071
21075
21094
21095
21097
21102
21107
21133
21151
21152
21159
21162
21172
21177
21198
21199
21218
21226
21227
21240
21243
21243
21261
21261
21266
21275
21278
21284
21289
21302
21311
21328
21332
21348
21351
21360
21381
21386
21388
21391
21415
21422
21432
21437
21447
21447
21469
21477
21479
21497
21525
21528
21553
21563
21571
21583
21603
21622
21644
21649
21663
21679
21690
21693
21696
21716
21750
21750
21756
21759
21787
21791
21805
21809
21826
21829
21845
21846
21851
21859
21867
21881
21883
21898
21903
21906
21921
21939
21940
21955
21971
21974
21975
21976
21997
22007
22015
22023
22034
22045
22080
22086
22096
22100
22104
22110
22120
22144
22149
22151
22152
22156
22182
22185
22186
22190
22203
22207
22213
22221
22224
22235
22238
22245
22250
22261
22265
22266
22273
22273
22279
22281
22284
22307
22314
22318
22330
22340
22351
22355
22364
22365
22372
22377
22390
22391
22399
22399
22431
22438
22445
22452
22473
22477
22494
22495
22496
22496
22497
22498
22508
22513
22532
22533
22550
22552
22568
22570
22590
22595
22608
22615
22629
22649
22650
22662
22663
22665
22672
22676
22678
22683
22688
22700
22710
22710
22719
22720
22723
22730
22731
22774
22776
22779
22782
22783
22790
22793
22808
22817
22822
22831
22833
22848
22851
22896
22903
22911
22913
22918
22926
22944
22955
22955
22961
22972
22984
22988
23011
23028
23034
23044
23064
23066
23071
23076
23108
23111
23113
23116
23133
23137
23139
23152
23174
23177
23178
23179
23179
23191
23199
23203
23211
23218
23221
23225
23238
23238
23240
23244
23245
23277
23279
23281
23299
23312
23314
23343
23353
23358
23359
23367
23368
23376
23414
23418
23422
23433
23440
23440
23440
23445
23454
23468
23473
23478
23481
23497
23524
23533
23542
23551
23581
23590
23593
23597
23598
23599
23601
23608
23610
23614
23619
23622
23623
23624
23624
23628
23628
23646
23652
23656
23663
23671
23677
23707
23717
23721
23730
23740
23786
23801
23819
23821
23824
23826
23828
23832
23832
23835
23837
23838
23842
23849
23874
23875
23876
23883
23884
23891
23896
23920
23920
23921
23929
23935
23953
23954
23955
23956
23957
23960
23960
23961
23973
23981
23993
24000
24020
24021
24037
24047
24056
24062
24089
24092
24118
24120
24130
24145
24145
24148
24152
24153
24172
24177
24181
24192
24208
24216
24220
24221
24234
24236
24238
24251
24260
24262
24266
24279
24284
24287
24289
24323
24324
24330
24332
24333
24335
24346
24361
24365
24367
24368
24368
24373
24378
24395
24396
24401
24404
24421
24430
24434
24434
24436
24439
24443
24444
24465
24468
24487
24493
24496
24501
24513
24523
24529
24529
24531
24545
24546
24550
24562
24574
24585
24594
24617
24622
24629
24635
24643
24648
24648
24681
24683
24691
24705
24710
24715
24728
24733
24745
24747
24767
24768
24773
24800
24810
24817
24818
24836
24861
24879
24885
24893
24897
24899
24906
24909
24920
24925
24958
24970
24972
24973
24976
24983
24986
24991
25000
25001
25004
25005
25005
25012
25023
25030
25035
25046
25091
25094
25101
25106
25107
25112
25117
25121
25123
25136
25137
25142
25144
25150
25157
25170
25193
25197
25200
25203
25206
25207
25209
25213
25216
25221
25227
25228
25238
25238
25239
25253
25265
25268
25281
25282
25287
25289
25289
25306
25309
25311
25317
25318
25324
25332
25357
25358
25385
25389
25401
25409
25432
25438
25440
25442
25456
25458
25458
25470
25484
25488
25491
25494
25504
25513
25515
25534
25545
25545
25565
25567
25577
25587
25597
25605
25615
25639
25641
25643
25675
25681
25682
25684
25698
25703
25737
25755
25779
25815
25824
25849
25894
25914
25915
25917
25923
25930
25931
25935
25952
25956
25961
25965
25991
26007
26014
26014
26019
26022
26033
26039
26043
26044
26046
26072
26074
26079
26101
26115
26130
26136
26136
26140
26155
26176
26177
26185
26186
26188
26189
26194
26200
26201
26210
26234
26238
26242
26246
26248
26254
26255
26263
26272
26278
26278
26280
26293
26295
26295
26302
26315
26320
26321
26329
26330
26359
26362
26366
26384
26387
26388
26392
26393
26397
26407
26410
26412
26416
26424
26424
26429
26430
26446
26461
26466
26472
26479
26502
26521
26523
26526
26535
26536
26548
26553
26563
26571
26571
26580
26597
26609
26610
26613
26618
26620
26631
26638
26646
26647
26647
26659
26665
26675
26691
26694
26699
26730
26732
26734
26745
26746
26747
26764
26770
26774
26782
26792
26800
26802
26817
26820
26821
26822
26832
26834
26837
26852
26864
26866
26870
26874
26881
26893
26898
26898
26928
26976
27014
27017
27029
27041
27054
27060
27064
27072
27088
27115
27115
27118
27119
27120
27134
27138
27142
27145
27152
27154
27169
27183
27194
27216
27220
27226
27237
27242
27256
27263
27286
27295
27308
27331
27331
27347
27355
27384
27387
27397
27398
27415
27417
27432
27443
27460
27476
27481
27494
27495
27497
27501
27521
27524
27524
27540
27546
27548
27552
27557
27587
27600
27613
27615
27631
27637
27641
27649
27652
27658
27671
27707
27712
27720
27741
27743
27745
27746
27748
27750
27760
27785
27789
27797
27821
27825
27825
27829
27851
27853
27866
27875
27875
27882
27893
27928
27934
27946
27948
27950
27956
27962
27962
27963
27972
27972
27972
27999
28006
28014
28024
28031
28035
28036
28058
28059
28063
28066
28074
28083
28098
28098
28099
28102
28103
28107
28121
28127
28128
28130
28130
28137
28146
28156
28159
28171
28172
28194
28195
28202
28212
28218
28222
28236
28246
28258
28267
28268
28272
28276
28278
28283
28287
28292
28293
28294
28299
28299
28300
28311
28312
28317
28322
28325
28325
28326
28329
28348
28351
28351
28360
28370
28371
28372
28380
28390
28406
28408
28418
28420
28425
28429
28444
28445
28452
28467
28469
28473
28488
28492
28510
28512
28513
28519
28522
28524
28527
28527
28540
28543
28562
28562
28563
28565
28566
28566
28572
28574
28576
28578
28594
28604
28615
28617
28623
28623
28632
28635
28638
28644
28656
28658
28660
28660
28663
28683
28690
28709
28711
28716
28716
28720
28752
28761
28763
28765
28766
28774
28779
28781
28791
28791
28817
28835
28838
28840
28861
28867
28878
28881
28890
28891
28892
28902
28904
28904
28920
28924
28932
28934
28939
28951
28959
28961
28992
29002
29018
29029
29031
29034
29043
29045
29061
29072
29079
29084
29084
29089
29097
29114
29145
29146
29149
29165
29172
29180
29183
29186
29193
29206
29209
29217
29228
29242
29246
29247
29251
29252
29254
29273
29294
29295
29301
29302
29303
29305
29309
29316
29319
29325
29326
29336
29340
29342
29346
29356
29357
29369
29369
29370
29377
29392
29396
29412
29413
29437
29438
29448
29457
29484
29486
29494
29496
29513
29516
29532
29533
29537
29539
29553
29560
29568
29569
29574
29578
29581
29588
29590
29593
29602
29609
29609
29621
29634
29641
29652
29665
29684
29685
29694
29716
29722
29725
29726
29733
29741
29747
29778
29787
29807
29815
29845
29865
29866
29877
29889
29903
29903
29913
29924
29924
29928
29944
29950
29950
29957
29957
29987
29989
30002
30019
30021
30036
30042
30044
30045
30063
30075
30078
30085
30088
30093
30098
30105
30112
30115
30117
30118
30143
30143
30153
30157
30170
30172
30174
30185
30201
30232
30234
30235
30249
30254
30263
30264
30269
30270
30275
30276
30306
30311
30311
30318
30332
30337
30355
30366
30375
30387
30394
30406
30407
30413
30415
30424
30425
30434
30437
30440
30441
30443
30464
30467
30483
30483
30502
30517
30520
30522
30534
30537
30540
30564
30569
30580
30580
30592
30635
30639
30661
30681
30684
30690
30690
30694
30699
30703
30706
30712
30718
30727
30728
30734
30740
30741
30749
30749
30750
30755
30766
30791
30793
30797
30798
30800
30807
30820
30822
30842
30857
30870
30882
30896
30896
30905
30907
30913
30916
30917
30917
30918
30922
30926
30928
30949
30950
30973
30978
30978
30991
31036
31051
31061
31073
31077
31087
31108
31110
31112
31117
31117
31125
31127
31130
31131
31137
31140
31163
31166
31170
31179
31181
31183
31188
31200
31207
31207
31211
31223
31229
31234
31234
31248
31249
31255
31262
31264
31264
31265
31269
31275
31276
31277
31284
31314
31317
31328
31335
31341
31357
31367
31385
31389
31390
31395
31403
31408
31409
31417
31422
31423
31424
31427
31444
31445
31451
31452
31461
31462
31504
31511
31538
31554
31562
31563
31586
31591
31593
31609
31621
31623
31636
31639
31647
31653
31660
31665
31683
31688
31693
31715
31715
31722
31723
31727
31729
31736
31737
31746
31754
31772
31775
31784
31790
31800
31801
31810
31812
31822
31834
31841
31862
31865
31872
31876
31923
31925
31930
31933
31942
31943
31946
31970
31995
32019
32025
32028
32029
32030
32036
32044
32045
32062
32062
32068
32070
32073
32085
32086
32089
32096
32103
32108
32134
32147
32156
32157
32163
32169
32170
32173
32184
32192
32202
32215
32222
32250
32251
32260
32276
32288
32295
32299
32300
32315
32331
32352
32354
32363
32371
32373
32380
32381
32387
32398
32405
32412
32437
32453
32477
32500
32504
32507
32508
32526
32536
32552
32554
32557
32562
32565
32593
32600
32615
32619
32619
32649
32652
32657
32683
32684
32685
32691
32693
32708
32758
