56
59
165
167
176
343
387
461
507
507
509
696
907
962
1125
1253
1384
1513
1603
1675
1882
2020
2059
2081
2115
2116
2151
2181
2198
2399
2430
2578
2654
2844
2856
2917
2926
3031
3090
3111
3144
3182
3230
3325
3352
3361
3547
3681
3802
3849
3852
3852
3882
3909
4022
4213
4293
4335
4341
4466
4628
4707
4807
4945
4969
4977
5012
5086
5122
5149
5162
5206
5214
5266
5279
5395
5480
5500
5630
5662
5739
5781
5800
5828
5847
5868
5890
5959
6007
6141
6197
6245
6248
6252
6529
6546
6674
6700
6715
6835
6848
6975
7080
7162
7220
7328
7463
7600
7616
7628
7690
7844
7846
7851
8018
8039
8097
8137
8262
8284
8307
8346
8376
8544
8775
8787
8802
8867
8970
8980
9040
9069
9109
9128
9211
9248
9404
9456
9500
9578
9632
9632
9647
9789
9803
9863
9883
9885
9938
10081
10098
10129
10204
10261
10267
10348
10359
10416
10429
10496
10574
10722
10725
10814
10827
10835
10989
10996
10999
11099
11103
11152
11162
11199
11226
11417
11553
11734
11752
11763
11791
11837
11946
11949
11974
12108
12257
12267
12321
12423
12424
12443
12522
12528
12545
12591
12673
12684
12710
12710
12909
13002
13015
13022
13038
13215
13354
13356
13480
13517
13520
13541
13601
13751
13846
13917
13937
14004
14103
14109
14170
14173
14216
14255
14420
14653
14734
14826
14847
14906
15005
15011
15084
15092
15189
15208
15305
15306
15382
15490
15520
15649
15682
15826
15943
15951
15963
16079
16083
16196
16204
16232
16315
16326
16425
16492
16575
16656
16676
16696
16735
16736
16948
16997
17031
17037
17047
17126
17168
17292
17324
17449
17497
17544
17613
17671
17696
17834
17948
18001
18034
18057
18156
18329
18360
18374
18535
18552
18721
18889
18904
18923
18940
19003
19157
19220
19243
19274
19282
19289
19333
19336
19336
19483
19536
19554
19587
19656
19689
19690
19791
19826
19848
19850
19923
19990
20075
20075
20190
20254
20280
20364
20478
20597
20634
20649
20715
20810
20890
20938
20972
20988
21061
21096
21105
21150
21192
21216
21231
21231
21301
21326
21328
21460
21485
21533
21629
21647
21682
21695
21748
21755
21837
21855
21924
21966
21976
22025
22096
22184
22322
22325
22390
22397
22487
22525
22647
22659
22737
22756
22766
22789
22793
22930
22935
22974
23067
23156
23258
23264
23346
23381
23415
23437
23505
23506
23539
23553
23594
23668
23763
23852
23918
23933
24079
24079
24160
24278
24341
24365
24471
24749
25011
25129
25149
25217
25223
25282
25285
25298
25317
25389
25484
25512
25626
25820
25904
26077
26259
26274
26307
26379
26423
26704
26757
26785
26789
26839
27058
27088
27144
27170
27280
27432
27441
27582
27711
27767
27906
27934
27941
28108
28191
28269
28331
28375
28526
28700
28712
28749
29071
29082
29135
29138
29169
29193
29209
29451
29461
29484
29551
29579
29620
29712
29818
29834
29841
29898
29951
29956
29977
29984
30021
30092
30170
30203
30488
30513
30580
30635
30840
31062
31217
31225
31245
31311
31321
31568
31586
31730
31737
31804
31804
31805
31812
31822
31834
31866
31905
31912
31997
32126
32156
32166
32393
32433
32508
32555
32576
32594
32598
32762
