0 51 35
0 38 12
1 0 20
1 15 2
2 65 16
2 24 42
3 58 8
3 53 10
4 0 -8
4 36 3
5 57 14
5 18 40
6 15 8
6 70 38
7 6 42
7 15 5
8 42 17
8 70 -2
9 9 34
9 11 -6
10 56 15
10 27 13
11 15 -4
11 56 -9
12 54 16
12 7 39
13 6 34
13 43 29
14 61 0
14 45 5
15 75 26
15 69 0
16 51 -5
16 13 -3
17 68 32
17 12 -9
18 44 9
18 51 27
19 24 15
19 80 -4
20 46 -4
20 73 48
21 17 -7
21 69 0
22 70 25
22 8 10
23 74 8
23 22 0
24 75 25
24 47 2
25 10 6
25 33 50
26 0 45
26 47 6
27 71 -7
27 73 -1
28 57 45
28 71 30
29 72 42
29 55 43
30 37 6
30 23 50
31 78 -7
31 3 -8
32 61 7
32 75 44
33 12 19
33 34 6
34 69 17
34 59 43
35 48 44
35 7 34
36 52 30
36 26 38
37 14 15
37 57 43
38 58 42
38 63 26
39 18 43
39 46 10
40 29 19
40 26 14
41 29 5
41 20 16
42 28 45
42 8 38
43 7 -4
43 24 13
44 20 22
44 63 33
45 5 2
45 59 4
46 74 4
46 46 -2
47 58 30
47 75 5
48 21 10
48 29 43
49 71 -4
49 10 -1
50 57 44
50 24 2
51 32 35
51 26 36
52 71 26
52 47 13
53 19 -6
53 45 24
54 3 46
54 61 39
55 55 28
55 33 31
56 4 45
56 34 23
57 29 44
57 72 40
58 49 -1
58 37 5
59 56 37
59 72 -9
60 58 11
60 38 17
61 1 2
61 48 41
62 33 -2
62 73 2
63 25 7
63 11 24
64 22 12
64 28 1
65 23 42
65 32 49
66 5 36
66 8 -6
67 18 18
67 61 36
68 32 5
68 15 -1
69 65 42
69 55 23
70 53 -9
70 17 -10
71 74 -1
71 1 37
72 14 27
72 60 46
73 68 37
73 76 43
74 53 17
74 5 47
75 42 16
75 55 2
76 42 45
76 0 16
77 34 32
77 27 44
78 0 6
78 10 22
79 80 40
79 58 26
80 37 11
80 70 -4
