0 213 26
0 169 36
0 25 9
1 79 46
1 21 50
1 212 29
2 110 -10
2 215 48
2 133 39
3 129 27
3 28 30
3 226 45
4 84 23
4 77 41
4 64 26
5 190 -6
5 125 26
5 99 8
6 195 50
6 24 13
6 0 32
7 41 36
7 138 4
7 159 7
8 41 -2
8 95 37
8 89 25
9 238 22
9 164 44
9 44 12
10 105 36
10 110 -4
10 145 14
11 95 19
11 39 25
11 141 2
12 25 17
12 122 44
12 191 30
13 240 -10
13 143 46
13 167 10
14 199 39
14 193 8
14 82 8
15 66 -5
15 109 9
15 25 17
16 177 -2
16 51 2
16 25 46
17 185 13
17 141 33
17 199 14
18 188 7
18 24 29
18 110 1
19 170 45
19 218 33
19 183 -5
20 48 23
20 3 41
20 192 50
21 235 35
21 15 11
21 53 48
22 80 30
22 236 16
22 28 7
23 145 37
23 221 1
23 7 45
24 56 11
24 30 17
24 50 14
25 217 4
25 192 15
25 120 -3
26 182 4
26 139 36
26 98 24
27 228 24
27 88 33
27 110 4
28 94 29
28 184 7
28 100 -8
29 151 -4
29 193 50
29 70 25
30 123 31
30 218 5
30 108 48
31 19 -1
31 222 44
31 152 20
32 160 11
32 39 49
32 138 -9
33 135 34
33 195 36
33 208 -3
34 140 -2
34 135 30
34 224 15
35 113 38
35 122 16
35 142 22
36 40 10
36 82 25
36 2 -6
37 106 -10
37 136 14
37 40 34
38 161 24
38 123 20
38 198 34
39 55 50
39 21 27
39 35 25
40 164 21
40 174 5
40 233 18
41 43 37
41 85 37
41 18 22
42 241 23
42 204 38
42 121 6
43 56 20
43 166 -1
43 21 30
44 105 48
44 14 31
44 229 27
45 85 45
45 118 14
45 23 37
46 222 14
46 63 22
46 27 25
47 47 24
47 194 17
47 156 -1
48 103 14
48 146 43
48 15 5
49 58 8
49 241 46
49 169 37
50 188 14
50 89 4
50 184 12
51 167 41
51 227 10
51 150 15
52 214 20
52 11 35
52 97 38
53 174 3
53 176 27
53 30 40
54 171 33
54 181 10
54 6 27
55 112 26
55 120 7
55 179 -10
56 100 18
56 226 22
56 80 42
57 216 25
57 218 19
57 185 47
58 66 31
58 0 13
58 162 14
59 186 34
59 154 11
59 86 17
60 242 18
60 209 46
60 105 42
61 192 28
61 176 45
61 21 5
62 2 50
62 131 8
62 53 -2
63 156 34
63 165 44
63 2 10
64 73 14
64 146 29
64 198 32
65 224 16
65 152 8
65 146 -10
66 220 40
66 34 47
66 204 -6
67 227 38
67 199 46
67 2 19
68 104 13
68 208 30
68 105 19
69 84 17
69 125 47
69 115 20
70 167 7
70 36 18
70 45 38
71 241 4
71 144 39
71 134 -5
72 212 2
72 62 40
72 72 28
73 105 45
73 186 -6
73 118 9
74 73 6
74 63 34
74 162 28
75 169 44
75 106 26
75 210 -4
76 119 38
76 228 5
76 160 19
77 151 30
77 35 34
77 29 13
78 54 29
78 142 49
78 204 23
79 73 16
79 97 -3
79 122 17
80 235 37
80 93 46
80 169 25
81 82 26
81 60 18
81 80 41
82 9 7
82 227 2
82 30 4
83 53 19
83 186 1
83 179 29
84 210 36
84 36 22
84 213 41
85 81 31
85 53 17
85 59 37
86 33 27
86 238 -8
86 115 49
87 239 44
87 14 -10
87 147 16
88 137 31
88 158 -7
88 234 -5
89 153 15
89 136 45
89 42 37
90 85 21
90 208 26
90 93 42
91 212 -5
91 77 -2
91 32 33
92 81 6
92 70 6
92 224 38
93 161 50
93 21 22
93 166 -7
94 237 43
94 58 -3
94 123 48
95 233 -8
95 221 43
95 95 29
96 107 32
96 200 31
96 71 6
97 218 37
97 149 4
97 170 12
98 179 29
98 56 42
98 159 -3
99 151 3
99 239 28
99 60 11
100 231 44
100 82 14
100 229 -9
101 130 1
101 227 4
101 141 13
102 153 8
102 226 37
102 172 47
103 136 26
103 89 44
103 215 5
104 88 7
104 179 -9
104 121 16
105 103 41
105 84 8
105 14 24
106 137 28
106 182 44
106 81 43
107 67 10
107 228 3
107 60 5
108 24 15
108 175 4
108 19 23
109 24 3
109 145 5
109 151 19
110 234 -9
110 68 38
110 233 2
111 104 9
111 183 6
111 176 50
112 75 21
112 241 16
112 112 -3
113 153 6
113 166 50
113 232 17
114 150 21
114 99 -8
114 121 -7
115 12 21
115 58 34
115 106 27
116 84 -7
116 162 12
116 127 17
117 88 -6
117 63 45
117 213 22
118 98 16
118 80 -9
118 8 -7
119 71 26
119 65 3
119 31 -4
120 180 26
120 143 1
120 153 45
121 223 10
121 170 41
121 50 5
122 45 -10
122 128 47
122 38 36
123 118 12
123 55 20
123 139 9
124 199 6
124 154 39
124 166 6
125 219 0
125 162 27
125 209 27
126 146 20
126 143 38
126 151 23
127 31 5
127 75 0
127 215 25
128 51 8
128 210 15
128 35 26
129 67 17
129 182 49
129 198 14
130 165 32
130 142 47
130 128 2
131 155 -3
131 174 33
131 13 22
132 176 15
132 138 -2
132 174 30
133 28 47
133 15 25
133 169 12
134 67 1
134 84 -4
134 129 -4
135 146 -9
135 55 14
135 192 2
136 31 21
136 77 47
136 17 40
137 46 42
137 102 0
137 128 49
138 107 4
138 89 34
138 36 48
139 53 -10
139 115 -4
139 111 6
140 214 21
140 69 3
140 48 -9
141 27 7
141 48 16
141 8 22
142 24 35
142 21 3
142 60 29
143 74 2
143 102 19
143 161 36
144 22 0
144 130 44
144 76 15
145 104 32
145 35 34
145 166 -9
146 39 10
146 129 19
146 77 12
147 166 30
147 126 31
147 64 13
148 175 -1
148 45 14
148 54 -5
149 194 -6
149 93 35
149 15 34
150 38 9
150 132 26
150 95 23
151 125 41
151 156 0
151 140 4
152 158 2
152 82 -2
152 61 50
153 197 32
153 120 50
153 147 24
154 134 42
154 43 4
154 225 0
155 183 -3
155 223 21
155 148 25
156 36 16
156 178 2
156 98 18
157 100 -2
157 233 27
157 159 -9
158 33 -9
158 63 45
158 132 44
159 74 28
159 30 2
159 77 35
160 60 19
160 197 40
160 7 35
161 133 36
161 42 16
161 156 4
162 188 13
162 148 25
162 213 23
163 125 35
163 35 45
163 26 32
164 5 24
164 2 12
164 146 40
165 130 42
165 95 13
165 9 16
166 51 21
166 65 28
166 13 11
167 215 28
167 81 -1
167 105 10
168 140 -1
168 79 44
168 62 8
169 66 -3
169 199 43
169 138 39
170 188 -3
170 211 36
170 242 1
171 222 38
171 50 30
171 125 18
172 172 4
172 150 14
172 76 7
173 217 11
173 12 14
173 222 41
174 239 43
174 69 -3
174 58 -3
175 120 -9
175 99 -3
175 142 48
176 221 46
176 174 -4
176 199 5
177 167 26
177 91 39
177 81 12
178 207 50
178 50 23
178 231 26
179 136 35
179 238 26
179 190 23
180 223 -8
180 195 37
180 220 0
181 3 41
181 147 -7
181 80 13
182 72 47
182 96 42
182 65 43
183 89 44
183 69 33
183 128 2
184 45 30
184 175 18
184 60 44
185 178 18
185 2 16
185 2 22
186 111 50
186 144 46
186 28 10
187 237 13
187 78 35
187 230 0
188 214 -3
188 82 -1
188 217 -3
189 238 12
189 2 48
189 210 37
190 76 38
190 8 9
190 170 -9
191 221 -3
191 226 43
191 241 -9
192 196 33
192 82 31
192 65 13
193 180 16
193 41 10
193 211 5
194 6 8
194 37 13
194 156 10
195 109 34
195 23 48
195 131 45
196 41 49
196 131 16
196 182 15
197 173 -4
197 216 46
197 124 -8
198 231 30
198 106 41
198 56 32
199 158 17
199 20 45
199 198 32
200 201 8
200 238 -3
200 46 44
201 55 10
201 223 32
201 241 49
202 223 -2
202 91 46
202 80 12
203 166 0
203 212 5
203 206 39
204 113 43
204 81 12
204 229 -2
205 193 11
205 119 -8
205 27 5
206 3 19
206 108 -6
206 192 16
207 27 -1
207 182 -10
207 27 40
208 83 36
208 196 28
208 40 8
209 221 6
209 89 32
209 99 29
210 79 -6
210 166 32
210 208 -3
211 39 45
211 87 -5
211 131 1
212 92 45
212 111 -6
212 161 43
213 206 7
213 99 25
213 80 -1
214 113 39
214 55 48
214 2 31
215 12 4
215 135 15
215 81 33
216 10 45
216 226 43
216 203 4
217 157 32
217 178 35
217 42 6
218 169 0
218 7 45
218 219 -2
219 97 36
219 86 32
219 112 45
220 62 1
220 113 -2
220 206 27
221 103 33
221 191 47
221 145 39
222 28 22
222 74 41
222 162 18
223 153 21
223 135 47
223 103 21
224 68 36
224 179 41
224 96 48
225 87 7
225 235 0
225 171 15
226 69 32
226 178 37
226 57 5
227 178 12
227 102 9
227 68 24
228 163 48
228 0 37
228 88 -5
229 197 34
229 13 41
229 54 25
230 189 49
230 34 19
230 11 23
231 200 13
231 32 6
231 205 24
232 161 24
232 23 39
232 127 35
233 38 46
233 161 -8
233 58 38
234 3 33
234 80 13
234 79 0
235 16 4
235 54 42
235 148 37
236 108 -9
236 187 1
236 172 -10
237 42 3
237 22 40
237 188 39
238 55 -3
238 33 22
238 59 39
239 79 48
239 53 15
239 167 42
240 49 23
240 6 21
240 165 17
241 183 50
241 228 3
241 49 12
242 160 21
242 75 15
242 205 23
