0 81 10
0 240 13
1 129 47
1 42 34
2 235 -5
2 78 18
3 25 22
3 110 24
4 45 12
4 191 39
5 43 15
5 234 0
6 46 36
6 152 47
7 240 38
7 165 38
8 223 33
8 207 19
9 23 40
9 104 42
10 16 4
10 17 12
11 44 3
11 203 29
12 0 22
12 97 43
13 63 33
13 237 40
14 69 36
14 203 34
15 19 39
15 112 34
16 8 -3
16 241 41
17 61 48
17 160 29
18 215 16
18 115 31
19 162 35
19 92 9
20 5 25
20 113 40
21 87 23
21 236 5
22 17 11
22 0 8
23 119 5
23 5 17
24 51 10
24 235 46
25 36 14
25 11 -8
26 193 41
26 125 15
27 87 39
27 27 46
28 55 45
28 193 40
29 82 46
29 34 8
30 35 25
30 25 46
31 90 10
31 42 5
32 15 12
32 115 -7
33 170 -6
33 217 41
34 115 32
34 242 -9
35 179 -4
35 46 22
36 172 5
36 50 38
37 139 10
37 53 27
38 67 9
38 198 15
39 103 -5
39 137 40
40 146 -8
40 228 2
41 133 9
41 11 19
42 34 37
42 124 32
43 140 22
43 231 49
44 4 38
44 180 7
45 101 29
45 55 10
46 20 43
46 77 16
47 171 30
47 35 30
48 67 37
48 168 -6
49 58 48
49 206 11
50 111 0
50 223 37
51 227 -1
51 165 31
52 236 29
52 87 42
53 7 39
53 128 27
54 7 36
54 36 29
55 230 27
55 134 8
56 114 6
56 87 5
57 188 6
57 23 49
58 70 48
58 148 -4
59 31 41
59 159 5
60 102 27
60 80 -1
61 78 -5
61 41 25
62 203 45
62 103 45
63 99 22
63 120 26
64 116 36
64 69 32
65 194 -1
65 209 -5
66 59 13
66 203 19
67 100 21
67 149 24
68 198 39
68 56 38
69 72 30
69 173 50
70 161 48
70 36 -1
71 61 24
71 50 2
72 194 19
72 153 47
73 41 -5
73 83 9
74 42 12
74 235 -8
75 152 -5
75 139 48
76 228 41
76 152 44
77 70 16
77 148 4
78 82 3
78 67 -5
79 57 -5
79 7 38
80 181 -10
80 180 25
81 72 31
81 79 47
82 116 -8
82 216 7
83 242 41
83 180 20
84 135 12
84 59 44
85 84 1
85 85 -1
86 180 5
86 23 33
87 214 -1
87 195 37
88 222 -10
88 81 29
89 140 45
89 205 30
90 17 -6
90 98 46
91 111 39
91 177 25
92 144 7
92 57 26
93 20 38
93 206 27
94 83 13
94 162 40
95 233 23
95 147 22
96 20 27
96 39 19
97 183 20
97 120 18
98 205 8
98 14 47
99 190 10
99 1 13
100 85 3
100 34 40
101 143 25
101 28 39
102 50 -5
102 147 5
103 18 17
103 182 50
104 114 30
104 74 14
105 24 21
105 117 16
106 120 13
106 152 -3
107 112 40
107 153 36
108 131 37
108 119 29
109 201 0
109 184 26
110 129 -7
110 106 15
111 86 43
111 27 33
112 51 19
112 37 41
113 24 -10
113 30 11
114 222 -2
114 92 24
115 46 5
115 136 27
116 126 0
116 134 20
117 146 17
117 82 14
118 221 40
118 12 34
119 36 48
119 19 50
120 34 -3
120 93 0
121 117 20
121 200 19
122 147 35
122 238 30
123 4 27
123 81 18
124 225 13
124 235 33
125 51 37
125 140 18
126 130 49
126 35 25
127 223 -2
127 43 17
128 213 26
128 111 41
129 144 -3
129 48 22
130 126 35
130 37 13
131 54 22
131 173 -3
132 222 -8
132 222 -3
133 82 5
133 207 42
134 18 -2
134 154 13
135 21 1
135 32 35
136 240 19
136 212 0
137 155 -9
137 168 15
138 23 25
138 148 41
139 97 37
139 36 40
140 178 22
140 58 30
141 208 -6
141 79 45
142 157 26
142 146 7
143 87 -1
143 184 34
144 94 26
144 68 -2
145 115 -8
145 207 -10
146 190 -3
146 124 16
147 81 14
147 8 -1
148 96 -9
148 237 43
149 121 49
149 158 12
150 239 -6
150 134 7
151 14 49
151 127 26
152 136 21
152 39 47
153 230 11
153 97 33
154 114 -8
154 94 33
155 191 48
155 185 1
156 84 32
156 154 43
157 231 17
157 85 31
158 117 28
158 112 -6
159 190 33
159 131 -3
160 169 25
160 63 18
161 44 50
161 130 48
162 59 25
162 95 12
163 66 22
163 176 18
164 86 35
164 170 31
165 64 26
165 186 8
166 127 33
166 42 43
167 149 35
167 232 16
168 227 2
168 15 18
169 149 42
169 224 -10
170 102 -8
170 67 42
171 22 39
171 140 30
172 62 -8
172 122 19
173 89 22
173 178 49
174 98 4
174 62 3
175 34 50
175 89 -8
176 226 40
176 197 12
177 110 33
177 225 21
178 163 9
178 234 25
179 135 -6
179 0 18
180 189 14
180 34 32
181 122 7
181 143 38
182 80 3
182 140 -3
183 132 14
183 218 28
184 141 26
184 176 10
185 232 15
185 74 -1
186 242 48
186 202 -4
187 61 32
187 58 46
188 208 0
188 89 46
189 167 49
189 101 47
190 86 -9
190 22 35
191 58 -10
191 200 1
192 222 9
192 104 -8
193 170 38
193 172 4
194 226 18
194 63 35
195 8 1
195 88 2
196 166 39
196 61 47
197 185 34
197 134 33
198 200 23
198 237 32
199 93 26
199 105 -2
200 237 7
200 231 46
201 166 28
201 209 35
202 181 18
202 164 47
203 215 30
203 157 47
204 174 43
204 66 -10
205 55 26
205 144 13
206 23 40
206 192 26
207 238 16
207 32 23
208 100 34
208 11 50
209 70 13
209 150 31
210 52 28
210 4 27
211 142 24
211 135 13
212 191 -9
212 54 22
213 30 0
213 104 22
214 133 -5
214 99 -7
215 184 30
215 118 6
216 190 49
216 124 32
217 239 41
217 47 10
218 98 44
218 225 33
219 181 16
219 116 -10
220 129 12
220 42 40
221 56 16
221 82 45
222 94 5
222 154 23
223 66 14
223 164 50
224 109 3
224 239 46
225 37 49
225 42 5
226 121 -3
226 117 42
227 58 6
227 183 -6
228 163 8
228 79 50
229 136 46
229 103 42
230 206 40
230 223 37
231 94 -7
231 127 46
232 122 -9
232 194 28
233 72 9
233 113 22
234 228 44
234 1 -10
235 143 39
235 169 28
236 67 -3
236 117 24
237 165 15
237 113 9
238 167 7
238 149 18
239 91 -8
239 123 41
240 131 26
240 69 2
241 184 34
241 167 35
242 236 11
242 168 23
