0 341 -1
0 39 36
0 66 36
1 363 31
1 271 10
1 378 19
2 269 32
2 308 23
2 320 39
3 442 5
3 667 9
3 619 4
4 128 14
4 408 47
4 514 6
5 403 -3
5 632 35
5 704 35
6 389 10
6 254 -10
6 120 25
7 722 25
7 389 20
7 476 5
8 316 -9
8 32 29
8 144 3
9 383 3
9 330 13
9 295 27
10 477 26
10 579 31
10 686 1
11 420 14
11 407 13
11 123 23
12 719 11
12 412 6
12 589 40
13 300 45
13 87 0
13 346 46
14 325 17
14 487 11
14 139 31
15 466 12
15 230 30
15 545 30
16 382 30
16 455 36
16 491 -4
17 395 28
17 457 26
17 365 15
18 592 5
18 501 44
18 242 46
19 181 6
19 312 -1
19 51 2
20 584 45
20 534 2
20 143 -9
21 638 26
21 666 35
21 303 50
22 369 34
22 591 18
22 518 19
23 593 35
23 420 29
23 196 -7
24 518 32
24 274 20
24 80 21
25 139 16
25 262 35
25 712 12
26 135 3
26 35 17
26 360 -9
27 285 23
27 107 40
27 454 44
28 7 25
28 101 10
28 697 44
29 179 13
29 355 12
29 705 -10
30 124 35
30 515 19
30 19 11
31 104 0
31 422 28
31 495 16
32 378 -6
32 686 27
32 515 15
33 379 39
33 236 6
33 223 11
34 150 45
34 697 18
34 190 2
35 684 12
35 706 46
35 434 -6
36 626 28
36 140 34
36 238 43
37 377 40
37 566 15
37 151 1
38 705 19
38 684 42
38 567 10
39 722 31
39 521 25
39 6 -5
40 552 44
40 224 -3
40 707 41
41 150 38
41 477 4
41 645 23
42 588 21
42 298 27
42 616 42
43 348 16
43 82 28
43 591 0
44 55 23
44 66 24
44 77 41
45 259 2
45 26 0
45 696 23
46 41 28
46 381 27
46 204 -4
47 272 36
47 639 -8
47 12 23
48 171 32
48 685 46
48 124 9
49 201 5
49 340 24
49 253 8
50 92 47
50 269 27
50 142 -7
51 181 -9
51 688 24
51 552 24
52 412 12
52 695 32
52 426 47
53 635 47
53 677 21
53 507 4
54 229 22
54 270 17
54 56 22
55 131 21
55 580 9
55 34 10
56 21 20
56 127 -3
56 506 -7
57 278 -1
57 298 45
57 701 -6
58 319 40
58 150 40
58 558 -3
59 577 8
59 354 24
59 718 7
60 54 23
60 359 -6
60 393 28
61 420 31
61 445 1
61 175 29
62 665 38
62 544 14
62 136 15
63 260 32
63 244 23
63 348 6
64 651 31
64 233 15
64 614 3
65 577 29
65 477 4
65 40 46
66 705 15
66 707 11
66 405 -6
67 338 25
67 123 35
67 609 18
68 127 36
68 264 -8
68 650 28
69 498 3
69 392 2
69 243 37
70 728 38
70 56 30
70 690 34
71 468 1
71 331 -5
71 520 47
72 71 0
72 570 7
72 329 2
73 512 -8
73 689 36
73 215 28
74 41 6
74 157 -1
74 696 23
75 216 3
75 112 16
75 682 19
76 55 50
76 89 34
76 502 0
77 201 17
77 702 25
77 330 37
78 212 1
78 421 6
78 322 -3
79 98 39
79 663 5
79 638 25
80 93 48
80 222 26
80 84 48
81 133 36
81 415 -2
81 450 7
82 320 44
82 331 4
82 81 8
83 153 -10
83 22 -9
83 560 -9
84 114 20
84 61 12
84 235 47
85 449 21
85 357 41
85 394 23
86 197 31
86 448 29
86 75 47
87 131 44
87 398 43
87 448 20
88 107 -9
88 415 10
88 289 24
89 508 32
89 361 30
89 222 38
90 561 24
90 314 44
90 436 -7
91 274 33
91 272 11
91 115 20
92 231 29
92 689 -10
92 499 36
93 18 17
93 136 26
93 154 20
94 422 37
94 687 31
94 350 32
95 583 35
95 209 30
95 89 21
96 622 13
96 248 1
96 102 17
97 45 -8
97 191 37
97 252 29
98 144 50
98 20 23
98 639 -2
99 377 4
99 373 12
99 379 2
100 707 -9
100 717 46
100 657 34
101 41 8
101 401 28
101 683 40
102 64 9
102 288 -10
102 515 -10
103 146 13
103 585 24
103 600 8
104 251 22
104 728 35
104 417 5
105 406 34
105 77 21
105 470 15
106 431 50
106 51 24
106 412 39
107 318 12
107 448 27
107 187 1
108 482 27
108 411 16
108 168 14
109 196 46
109 509 25
109 33 36
110 455 5
110 125 34
110 539 29
111 726 6
111 482 47
111 567 34
112 508 33
112 680 47
112 272 29
113 553 30
113 99 9
113 117 5
114 233 1
114 585 48
114 150 40
115 410 -4
115 113 16
115 190 40
116 274 32
116 489 41
116 90 30
117 53 23
117 570 16
117 635 37
118 246 -4
118 616 32
118 206 -2
119 684 42
119 545 -1
119 691 18
120 316 -7
120 126 42
120 549 11
121 313 5
121 452 46
121 90 19
122 533 7
122 465 8
122 641 2
123 290 43
123 53 19
123 276 16
124 18 1
124 136 50
124 348 22
125 47 11
125 496 22
125 541 20
126 214 47
126 124 46
126 56 18
127 423 24
127 217 18
127 215 -7
128 724 13
128 724 18
128 61 8
129 600 29
129 114 8
129 170 43
130 627 6
130 213 38
130 12 0
131 694 42
131 93 18
131 89 11
132 626 26
132 658 46
132 699 14
133 689 42
133 237 -5
133 504 -2
134 33 39
134 245 37
134 716 13
135 144 18
135 206 15
135 515 16
136 618 49
136 660 27
136 675 -1
137 411 46
137 363 36
137 596 37
138 466 35
138 28 32
138 328 11
139 289 43
139 649 10
139 632 20
140 306 0
140 631 -1
140 8 3
141 200 20
141 638 11
141 42 49
142 410 22
142 561 25
142 507 10
143 407 14
143 652 37
143 699 -5
144 259 30
144 557 30
144 470 -9
145 472 16
145 148 12
145 261 46
146 188 42
146 456 -9
146 244 19
147 402 16
147 229 43
147 692 39
148 502 4
148 197 16
148 181 38
149 497 10
149 301 -9
149 135 -8
150 713 50
150 310 -8
150 528 30
151 121 26
151 408 40
151 488 4
152 488 49
152 574 30
152 250 24
153 392 42
153 645 6
153 122 7
154 446 27
154 561 37
154 410 16
155 412 -2
155 588 29
155 594 -10
156 344 33
156 505 8
156 317 7
157 26 -8
157 76 27
157 460 1
158 569 1
158 30 46
158 716 5
159 681 47
159 121 43
159 75 47
160 169 4
160 246 -6
160 113 45
161 376 -3
161 574 6
161 684 34
162 472 5
162 264 1
162 176 40
163 286 -1
163 520 -1
163 340 18
164 96 -6
164 205 19
164 147 29
165 477 30
165 606 -9
165 591 19
166 153 18
166 175 50
166 207 37
167 180 23
167 466 18
167 78 -1
168 604 19
168 288 41
168 472 27
169 186 8
169 474 2
169 90 11
170 706 -4
170 312 38
170 158 24
171 334 46
171 446 35
171 136 21
172 140 6
172 461 36
172 48 39
173 92 -6
173 564 26
173 683 16
174 292 20
174 371 31
174 411 32
175 184 28
175 115 39
175 656 38
176 478 45
176 198 -7
176 230 27
177 351 -8
177 326 37
177 398 43
178 498 -2
178 448 48
178 677 42
179 614 7
179 629 47
179 350 18
180 57 5
180 578 26
180 272 38
181 309 10
181 315 46
181 228 -2
182 690 14
182 561 6
182 235 -5
183 149 49
183 74 15
183 423 16
184 262 25
184 101 -5
184 159 34
185 205 4
185 1 50
185 721 44
186 525 -2
186 260 21
186 652 9
187 313 25
187 89 50
187 185 -1
188 436 -8
188 522 18
188 525 39
189 206 50
189 478 40
189 625 11
190 556 4
190 137 -4
190 309 18
191 281 39
191 92 16
191 327 29
192 706 -4
192 530 33
192 206 13
193 116 33
193 341 29
193 3 -10
194 205 2
194 492 26
194 158 -1
195 457 18
195 324 38
195 448 18
196 62 39
196 571 -5
196 560 3
197 219 38
197 23 6
197 446 30
198 594 47
198 398 -9
198 323 9
199 295 -2
199 527 23
199 54 -3
200 24 21
200 327 -10
200 694 50
201 585 15
201 724 48
201 114 37
202 49 35
202 413 36
202 491 37
203 271 49
203 331 48
203 134 10
204 647 48
204 548 38
204 699 -9
205 81 31
205 87 8
205 357 -2
206 71 -10
206 667 20
206 64 11
207 160 6
207 304 4
207 388 13
208 695 48
208 459 -3
208 86 -5
209 677 -4
209 169 0
209 624 -8
210 183 49
210 599 29
210 42 4
211 683 33
211 124 24
211 73 29
212 322 -7
212 331 9
212 477 -10
213 634 3
213 478 50
213 319 31
214 607 48
214 579 26
214 402 4
215 637 25
215 423 5
215 506 -8
216 611 -1
216 336 11
216 227 26
217 389 42
217 123 46
217 479 45
218 78 47
218 118 -6
218 691 17
219 4 50
219 50 13
219 135 43
220 275 46
220 232 43
220 711 4
221 514 7
221 586 4
221 392 33
222 641 48
222 588 24
222 369 -4
223 173 25
223 415 -4
223 529 34
224 163 8
224 210 20
224 507 44
225 262 -9
225 563 30
225 676 10
226 174 -3
226 0 21
226 194 26
227 417 1
227 437 -4
227 62 7
228 578 25
228 595 21
228 521 -10
229 574 34
229 373 48
229 379 16
230 246 46
230 308 43
230 7 19
231 197 1
231 587 18
231 602 34
232 452 18
232 267 30
232 455 12
233 675 -10
233 405 28
233 467 10
234 671 49
234 402 37
234 211 29
235 314 6
235 450 13
235 628 21
236 218 49
236 524 30
236 619 8
237 316 34
237 142 9
237 14 30
238 18 -9
238 312 13
238 318 3
239 183 22
239 441 27
239 248 44
240 32 16
240 665 5
240 289 31
241 112 40
241 234 19
241 457 17
242 520 32
242 428 4
242 607 32
243 566 35
243 94 22
243 15 16
244 34 8
244 515 36
244 164 20
245 629 27
245 606 -1
245 728 19
246 346 14
246 576 -6
246 382 -9
247 643 -1
247 548 11
247 536 38
248 337 16
248 56 6
248 117 -7
249 52 0
249 214 0
249 454 -1
250 242 39
250 133 48
250 237 49
251 726 -4
251 568 20
251 240 12
252 137 6
252 668 34
252 332 9
253 645 0
253 500 9
253 251 39
254 678 32
254 630 34
254 131 29
255 212 31
255 121 14
255 263 39
256 241 26
256 507 28
256 466 12
257 383 47
257 519 12
257 672 37
258 317 18
258 399 30
258 534 20
259 471 -5
259 335 33
259 180 2
260 238 16
260 120 19
260 269 33
261 147 40
261 38 28
261 423 26
262 626 4
262 472 31
262 311 15
263 661 -2
263 209 22
263 28 19
264 98 10
264 706 37
264 678 20
265 720 11
265 85 19
265 272 17
266 521 18
266 51 39
266 692 34
267 244 34
267 588 32
267 105 39
268 59 9
268 651 40
268 580 41
269 460 28
269 144 14
269 192 30
270 152 17
270 72 37
270 297 9
271 680 48
271 712 -4
271 600 26
272 469 50
272 686 45
272 338 -5
273 404 28
273 455 49
273 41 -9
274 632 18
274 422 35
274 350 36
275 434 9
275 0 40
275 523 -8
276 330 42
276 408 18
276 83 18
277 524 4
277 576 4
277 24 3
278 473 5
278 109 42
278 544 3
279 301 23
279 115 16
279 668 26
280 470 -1
280 341 4
280 140 30
281 358 49
281 27 38
281 350 27
282 242 7
282 448 19
282 14 34
283 230 -3
283 699 37
283 637 0
284 395 -7
284 328 21
284 574 4
285 251 18
285 492 1
285 432 28
286 249 10
286 536 32
286 433 30
287 181 25
287 653 39
287 239 2
288 4 17
288 480 19
288 214 27
289 188 12
289 441 9
289 500 24
290 707 14
290 712 6
290 182 42
291 235 25
291 710 17
291 458 -5
292 30 18
292 158 -6
292 66 33
293 93 48
293 328 0
293 277 25
294 671 -2
294 174 23
294 406 12
295 222 14
295 10 15
295 520 22
296 710 -9
296 335 33
296 367 5
297 311 0
297 10 49
297 616 6
298 708 -8
298 481 42
298 253 50
299 459 42
299 708 42
299 293 47
300 436 30
300 249 20
300 629 18
301 636 50
301 275 33
301 170 26
302 272 8
302 116 28
302 295 32
303 140 19
303 464 39
303 643 -3
304 35 22
304 56 28
304 34 45
305 441 45
305 88 40
305 370 31
306 177 29
306 402 -5
306 63 37
307 678 31
307 356 32
307 363 -1
308 446 -1
308 283 42
308 593 40
309 234 -7
309 8 11
309 145 -8
310 230 7
310 234 29
310 194 31
311 507 45
311 15 48
311 438 13
312 89 7
312 72 26
312 16 -7
313 501 4
313 470 32
313 354 46
314 569 9
314 191 2
314 454 40
315 179 27
315 168 6
315 386 30
316 565 -2
316 496 8
316 125 -2
317 216 18
317 299 44
317 693 16
318 608 6
318 669 5
318 692 29
319 114 48
319 551 23
319 250 43
320 111 -10
320 412 -3
320 31 5
321 456 6
321 5 3
321 245 41
322 331 39
322 501 27
322 110 46
323 667 42
323 438 10
323 447 38
324 163 46
324 85 39
324 285 -4
325 8 35
325 448 23
325 97 33
326 346 -3
326 657 0
326 131 41
327 583 -3
327 456 33
327 188 33
328 233 38
328 696 32
328 694 11
329 88 24
329 213 1
329 709 37
330 17 7
330 449 28
330 264 38
331 203 21
331 498 12
331 512 46
332 61 25
332 30 28
332 38 -5
333 703 42
333 549 34
333 468 27
334 548 49
334 258 37
334 385 25
335 412 9
335 683 12
335 410 28
336 346 2
336 544 -1
336 63 27
337 102 34
337 124 48
337 417 44
338 269 32
338 712 37
338 619 35
339 462 9
339 393 -1
339 679 44
340 43 13
340 313 7
340 440 -10
341 437 1
341 655 38
341 330 5
342 251 9
342 81 17
342 167 48
343 667 0
343 37 31
343 112 42
344 470 35
344 517 45
344 102 46
345 510 29
345 267 45
345 110 14
346 579 27
346 254 16
346 196 7
347 194 0
347 425 23
347 145 6
348 436 8
348 147 30
348 266 9
349 222 -6
349 680 37
349 362 36
350 390 -6
350 589 41
350 381 13
351 486 -1
351 21 11
351 275 36
352 82 15
352 565 -4
352 2 22
353 719 1
353 157 27
353 670 -10
354 596 41
354 188 46
354 212 36
355 92 4
355 451 -10
355 609 45
356 487 18
356 87 4
356 457 -9
357 132 48
357 699 1
357 223 43
358 299 19
358 322 -1
358 489 16
359 528 -9
359 612 17
359 552 -6
360 233 9
360 89 34
360 690 -3
361 425 9
361 335 17
361 497 31
362 366 31
362 683 36
362 547 31
363 701 34
363 724 49
363 459 14
364 574 23
364 56 18
364 599 18
365 71 35
365 415 24
365 324 -9
366 706 6
366 529 11
366 245 6
367 245 2
367 526 36
367 107 -8
368 719 20
368 235 21
368 387 16
369 92 28
369 201 25
369 275 4
370 468 -7
370 9 23
370 697 49
371 441 0
371 106 24
371 196 -1
372 505 41
372 420 9
372 180 11
373 102 -4
373 300 12
373 198 28
374 599 23
374 724 34
374 218 0
375 255 4
375 529 -7
375 311 8
376 588 48
376 464 28
376 408 25
377 533 -2
377 633 44
377 526 34
378 439 45
378 574 46
378 487 -1
379 480 25
379 559 47
379 425 11
380 310 14
380 97 -8
380 725 37
381 660 12
381 131 20
381 285 14
382 484 21
382 491 38
382 252 13
383 377 33
383 84 8
383 488 32
384 392 40
384 394 -6
384 223 27
385 630 37
385 142 44
385 595 16
386 464 15
386 45 17
386 99 27
387 581 13
387 363 4
387 75 -1
388 474 27
388 159 23
388 608 42
389 338 4
389 24 13
389 475 3
390 501 37
390 176 50
390 544 15
391 396 48
391 574 29
391 698 -2
392 649 43
392 117 45
392 691 -10
393 348 30
393 265 49
393 58 18
394 178 8
394 172 2
394 703 -2
395 638 20
395 420 37
395 109 26
396 376 32
396 515 14
396 677 9
397 148 36
397 48 0
397 551 32
398 358 36
398 723 -1
398 672 27
399 659 -10
399 489 46
399 222 11
400 518 -8
400 694 -3
400 38 11
401 552 23
401 103 -6
401 194 36
402 316 47
402 385 15
402 197 9
403 556 30
403 104 19
403 681 -8
404 96 15
404 138 40
404 509 2
405 570 8
405 3 38
405 237 14
406 165 34
406 549 3
406 565 11
407 510 1
407 435 -9
407 263 -5
408 439 34
408 313 40
408 343 36
409 223 -8
409 116 -7
409 212 2
410 413 34
410 113 40
410 95 25
411 643 38
411 484 15
411 278 1
412 337 21
412 105 23
412 528 5
413 254 35
413 136 45
413 54 34
414 652 1
414 566 9
414 453 23
415 625 -7
415 643 35
415 486 -7
416 310 36
416 428 18
416 180 -9
417 130 49
417 405 50
417 246 27
418 429 40
418 602 -1
418 521 31
419 401 44
419 584 -8
419 244 23
420 34 12
420 540 -1
420 695 40
421 684 35
421 453 -9
421 254 2
422 266 39
422 340 46
422 158 15
423 537 39
423 568 42
423 169 -1
424 568 24
424 291 22
424 590 37
425 278 38
425 467 31
425 231 18
426 639 36
426 595 11
426 17 26
427 571 30
427 496 27
427 726 2
428 151 30
428 93 27
428 169 45
429 639 -10
429 150 21
429 599 15
430 549 46
430 231 14
430 254 9
431 190 26
431 665 50
431 460 48
432 450 23
432 698 7
432 97 45
433 136 46
433 371 39
433 220 47
434 350 15
434 725 15
434 94 41
435 500 4
435 354 -6
435 422 34
436 148 34
436 133 -7
436 328 14
437 608 -3
437 289 0
437 523 14
438 656 48
438 397 21
438 376 25
439 418 -9
439 0 31
439 236 -3
440 583 -5
440 501 10
440 639 -5
441 274 2
441 170 14
441 104 45
442 191 25
442 468 25
442 314 45
443 243 42
443 576 32
443 536 17
444 710 18
444 493 7
444 559 30
445 543 21
445 656 13
445 526 12
446 663 19
446 197 29
446 711 9
447 209 26
447 126 26
447 427 16
448 208 17
448 600 29
448 634 -3
449 654 -10
449 44 16
449 44 32
450 556 41
450 162 36
450 42 25
451 44 16
451 399 43
451 427 -7
452 683 22
452 336 17
452 81 25
453 534 4
453 632 6
453 385 -2
454 697 -9
454 169 9
454 222 38
455 273 20
455 348 44
455 410 29
456 55 -7
456 405 47
456 400 17
457 640 -6
457 433 21
457 60 19
458 132 -1
458 96 18
458 367 47
459 493 -9
459 324 47
459 706 36
460 30 -6
460 441 1
460 142 -5
461 563 8
461 173 -6
461 546 -9
462 137 1
462 360 39
462 444 5
463 595 8
463 43 44
463 312 0
464 250 10
464 92 -3
464 134 50
465 628 21
465 149 13
465 383 26
466 230 50
466 320 14
466 599 5
467 256 14
467 287 11
467 338 18
468 241 19
468 217 1
468 178 11
469 374 7
469 588 33
469 252 39
470 122 -3
470 65 -10
470 293 48
471 242 15
471 523 -1
471 550 29
472 656 -7
472 258 -3
472 562 20
473 567 46
473 328 45
473 99 -8
474 136 11
474 205 34
474 549 13
475 212 23
475 363 9
475 485 21
476 541 39
476 515 18
476 157 -6
477 276 -4
477 671 23
477 289 1
478 87 11
478 459 37
478 483 8
479 571 7
479 107 -2
479 141 32
480 490 7
480 7 32
480 519 11
481 238 7
481 642 28
481 349 38
482 480 28
482 376 1
482 200 -7
483 420 31
483 628 49
483 252 -7
484 213 15
484 322 1
484 620 -5
485 110 21
485 355 39
485 502 12
486 596 19
486 619 26
486 440 14
487 651 5
487 164 26
487 413 2
488 645 47
488 522 -5
488 266 9
489 212 26
489 675 -1
489 400 11
490 98 41
490 217 5
490 412 7
491 569 13
491 546 35
491 616 33
492 725 1
492 706 42
492 489 -4
493 646 36
493 244 -3
493 330 26
494 480 -6
494 513 37
494 389 33
495 682 46
495 345 17
495 527 44
496 304 5
496 101 12
496 659 22
497 263 17
497 77 -3
497 271 23
498 497 -7
498 345 -9
498 360 34
499 706 22
499 517 33
499 202 11
500 576 19
500 71 -9
500 242 44
501 612 19
501 27 21
501 551 42
502 623 4
502 283 9
502 92 41
503 115 27
503 672 3
503 522 6
504 200 47
504 310 10
504 719 34
505 115 -7
505 557 33
505 28 7
506 646 28
506 90 30
506 670 -3
507 704 -2
507 212 -10
507 174 8
508 622 46
508 277 9
508 669 45
509 93 26
509 609 11
509 243 -9
510 668 49
510 719 20
510 405 16
511 333 18
511 357 3
511 533 14
512 169 28
512 476 37
512 683 39
513 473 29
513 439 7
513 663 19
514 689 34
514 334 -9
514 360 33
515 285 -10
515 529 1
515 367 22
516 55 50
516 544 37
516 340 26
517 369 29
517 49 0
517 665 25
518 536 48
518 244 17
518 497 32
519 505 27
519 90 43
519 263 38
520 298 30
520 600 -4
520 165 26
521 460 42
521 276 -5
521 451 29
522 17 34
522 195 19
522 136 42
523 46 8
523 51 3
523 455 1
524 114 24
524 413 34
524 466 14
525 482 26
525 646 44
525 48 9
526 314 10
526 508 17
526 444 45
527 245 4
527 154 21
527 364 -4
528 661 15
528 669 15
528 501 14
529 606 37
529 403 31
529 443 31
530 504 41
530 278 1
530 103 -5
531 371 44
531 5 50
531 60 28
532 93 42
532 195 -4
532 199 49
533 578 10
533 502 22
533 355 30
534 111 40
534 116 16
534 368 13
535 433 13
535 438 6
535 217 -5
536 425 34
536 706 29
536 306 22
537 674 11
537 102 41
537 56 13
538 100 12
538 13 9
538 393 -7
539 661 41
539 722 7
539 541 17
540 521 38
540 413 14
540 653 36
541 170 42
541 60 12
541 591 7
542 519 13
542 648 47
542 255 14
543 106 24
543 379 -5
543 226 19
544 130 26
544 120 40
544 466 19
545 712 47
545 282 14
545 107 -3
546 169 14
546 204 6
546 508 28
547 181 3
547 590 6
547 255 -7
548 446 -8
548 354 8
548 473 -7
549 646 17
549 180 28
549 317 27
550 238 31
550 335 29
550 488 -10
551 652 10
551 461 2
551 517 23
552 19 19
552 97 15
552 63 44
553 37 44
553 36 27
553 112 15
554 518 17
554 439 16
554 333 8
555 208 47
555 195 41
555 441 41
556 277 3
556 313 41
556 291 -6
557 331 0
557 524 -6
557 654 3
558 328 13
558 414 33
558 594 13
559 383 20
559 635 7
559 448 23
560 120 37
560 363 -7
560 447 8
561 593 4
561 417 2
561 109 -5
562 155 47
562 593 -3
562 314 5
563 527 34
563 392 7
563 478 32
564 116 22
564 700 44
564 7 6
565 282 -8
565 599 10
565 702 -5
566 142 31
566 147 28
566 148 48
567 295 31
567 451 23
567 382 42
568 29 -2
568 359 43
568 335 41
569 322 24
569 426 -5
569 469 -4
570 59 0
570 416 -6
570 361 -9
571 480 36
571 574 10
571 58 -7
572 119 25
572 471 26
572 160 34
573 278 2
573 544 4
573 568 -6
574 124 36
574 305 4
574 584 24
575 145 42
575 616 3
575 531 0
576 382 25
576 249 32
576 441 19
577 418 18
577 346 34
577 286 9
578 303 -7
578 446 6
578 522 27
579 443 27
579 318 41
579 205 38
580 51 18
580 608 -6
580 72 -1
581 362 -3
581 611 25
581 532 49
582 722 39
582 318 35
582 722 29
583 679 40
583 516 35
583 139 45
584 456 2
584 279 28
584 665 -5
585 92 46
585 450 25
585 674 7
586 126 16
586 93 37
586 466 17
587 428 -10
587 1 31
587 142 29
588 95 45
588 59 7
588 67 32
589 168 2
589 429 25
589 465 12
590 674 16
590 20 19
590 641 40
591 178 4
591 602 19
591 561 -7
592 117 49
592 148 -6
592 491 41
593 549 -5
593 276 35
593 320 18
594 699 -8
594 445 43
594 438 -10
595 339 33
595 191 36
595 713 -1
596 371 0
596 606 1
596 1 11
597 229 32
597 40 -6
597 508 44
598 259 50
598 281 44
598 272 -5
599 43 6
599 11 -4
599 98 48
600 381 36
600 566 -8
600 609 45
601 229 29
601 260 0
601 655 8
602 391 12
602 370 35
602 62 7
603 31 33
603 92 47
603 457 -6
604 268 33
604 533 6
604 109 34
605 357 32
605 610 15
605 518 11
606 555 7
606 268 44
606 671 -2
607 399 21
607 483 39
607 112 -10
608 584 -10
608 726 21
608 15 46
609 519 43
609 181 12
609 404 16
610 214 27
610 712 17
610 302 41
611 455 24
611 146 31
611 93 33
612 333 14
612 195 44
612 651 40
613 476 -8
613 155 42
613 682 -4
614 384 4
614 439 32
614 521 0
615 596 4
615 658 24
615 400 49
616 489 4
616 244 -10
616 240 29
617 431 43
617 187 2
617 487 -3
618 315 1
618 217 32
618 308 36
619 539 0
619 218 21
619 257 -7
620 271 13
620 25 -8
620 307 26
621 438 4
621 353 32
621 152 8
622 641 49
622 107 9
622 495 37
623 216 7
623 463 14
623 95 24
624 88 37
624 201 36
624 218 7
625 370 -3
625 389 24
625 34 12
626 309 18
626 220 32
626 441 50
627 390 40
627 467 50
627 480 31
628 479 -3
628 628 38
628 437 8
629 652 0
629 547 10
629 381 -1
630 694 41
630 13 13
630 249 42
631 185 -8
631 564 16
631 189 42
632 86 40
632 428 15
632 712 27
633 698 41
633 485 31
633 390 41
634 317 -9
634 195 35
634 375 48
635 71 45
635 119 27
635 289 34
636 361 14
636 237 14
636 161 33
637 393 11
637 627 14
637 241 18
638 131 32
638 9 2
638 213 19
639 118 0
639 517 10
639 139 -1
640 139 15
640 667 17
640 289 47
641 257 16
641 85 3
641 434 8
642 617 48
642 30 29
642 138 43
643 402 3
643 43 1
643 585 43
644 426 -4
644 131 -8
644 420 18
645 650 1
645 261 17
645 149 30
646 658 35
646 638 17
646 635 0
647 71 41
647 668 29
647 535 -4
648 636 23
648 671 29
648 363 28
649 496 20
649 603 28
649 686 29
650 92 44
650 177 6
650 405 6
651 281 12
651 265 25
651 591 38
652 478 39
652 281 29
652 95 10
653 633 48
653 617 37
653 229 19
654 651 -3
654 520 38
654 616 38
655 339 47
655 380 50
655 341 -6
656 509 37
656 506 26
656 285 28
657 79 18
657 638 -7
657 328 40
658 622 -8
658 171 -5
658 237 34
659 714 3
659 327 44
659 326 -4
660 661 7
660 358 -4
660 560 17
661 22 -10
661 21 43
661 636 47
662 576 42
662 701 11
662 230 10
663 110 44
663 19 -4
663 414 45
664 282 18
664 22 40
664 548 12
665 33 13
665 618 3
665 691 26
666 479 1
666 646 4
666 301 16
667 125 6
667 105 7
667 694 22
668 717 0
668 259 27
668 650 24
669 13 38
669 594 12
669 623 29
670 62 -7
670 722 28
670 245 39
671 639 15
671 605 36
671 126 27
672 58 30
672 649 12
672 693 36
673 176 3
673 528 50
673 183 3
674 384 -4
674 391 47
674 117 37
675 640 -8
675 568 10
675 206 28
676 607 24
676 49 29
676 579 30
677 602 30
677 306 8
677 608 35
678 31 39
678 552 28
678 181 14
679 302 20
679 650 41
679 58 19
680 692 29
680 326 38
680 81 47
681 102 7
681 510 38
681 521 7
682 211 10
682 115 26
682 464 0
683 396 17
683 661 6
683 5 46
684 75 49
684 199 46
684 134 31
685 417 7
685 111 35
685 623 -8
686 687 4
686 495 3
686 450 15
687 577 2
687 200 -5
687 270 19
688 381 -6
688 597 9
688 353 37
689 34 18
689 663 38
689 60 24
690 569 31
690 577 4
690 409 48
691 252 39
691 404 5
691 314 44
692 233 17
692 74 -4
692 144 50
693 551 0
693 147 1
693 493 47
694 371 -5
694 132 35
694 471 44
695 605 43
695 667 50
695 25 5
696 547 40
696 176 14
696 19 9
697 498 49
697 444 -5
697 703 -1
698 258 31
698 467 -10
698 97 -6
699 390 25
699 275 44
699 233 22
700 370 48
700 275 27
700 670 7
701 461 15
701 77 18
701 401 -4
702 566 22
702 416 -4
702 686 20
703 76 22
703 639 27
703 335 5
704 298 39
704 372 -8
704 298 12
705 82 31
705 57 45
705 665 2
706 27 4
706 48 29
706 23 43
707 476 32
707 486 18
707 322 27
708 544 -7
708 168 31
708 632 19
709 269 45
709 41 8
709 275 -8
710 495 7
710 584 47
710 479 39
711 555 -3
711 80 -10
711 303 9
712 546 -3
712 131 39
712 625 39
713 647 8
713 579 29
713 361 0
714 600 4
714 503 15
714 464 3
715 45 -6
715 161 11
715 110 44
716 240 18
716 220 43
716 98 29
717 586 -10
717 16 -7
717 458 34
718 375 44
718 104 41
718 299 38
719 218 35
719 519 42
719 364 40
720 362 27
720 686 31
720 391 -6
721 141 -5
721 158 9
721 655 22
722 501 31
722 699 28
722 232 30
723 651 31
723 677 -5
723 96 16
724 311 1
724 398 41
724 28 16
725 409 32
725 228 42
725 311 31
726 597 2
726 586 39
726 666 38
727 721 -4
727 68 32
727 688 7
728 646 1
728 383 0
728 584 36
