0 61 50
0 57 30
1 49 1
1 56 -10
2 78 16
2 19 18
3 67 16
3 35 -6
4 46 24
4 24 41
5 79 -1
5 64 4
6 12 31
6 61 24
7 44 14
7 7 49
8 71 3
8 32 47
9 69 -5
9 30 44
10 54 -3
10 29 -2
11 71 36
11 46 42
12 48 37
12 40 7
13 74 32
13 52 -10
14 35 -5
14 10 23
15 70 19
15 43 26
16 52 48
16 53 13
17 78 0
17 74 -2
18 67 44
18 41 4
19 73 40
19 52 -8
20 75 47
20 59 0
21 13 25
21 0 42
22 69 3
22 80 36
23 71 10
23 17 -4
24 8 6
24 1 33
25 20 -10
25 57 -10
26 53 6
26 20 34
27 29 10
27 7 9
28 64 31
28 66 25
29 25 45
29 46 22
30 36 48
30 44 20
31 42 28
31 22 17
32 54 21
32 79 7
33 73 9
33 27 0
34 38 10
34 21 19
35 25 21
35 59 -2
36 69 7
36 16 28
37 63 34
37 14 39
38 39 16
38 18 -10
39 39 27
39 0 10
40 64 43
40 0 26
41 26 48
41 17 33
42 24 7
42 45 1
43 34 44
43 29 -6
44 22 43
44 68 -1
45 65 35
45 42 21
46 36 38
46 59 5
47 45 -8
47 45 -8
48 22 -7
48 24 12
49 41 11
49 49 47
50 20 4
50 19 42
51 60 33
51 0 20
52 4 41
52 56 48
53 74 20
53 48 27
54 72 49
54 43 -3
55 41 33
55 56 7
56 32 11
56 18 19
57 79 26
57 0 3
58 41 47
58 14 36
59 2 11
59 73 32
60 68 48
60 22 6
61 22 40
61 23 45
62 43 9
62 8 8
63 54 1
63 36 -6
64 9 22
64 79 42
65 9 28
65 42 36
66 48 11
66 51 27
67 34 18
67 23 2
68 47 28
68 56 40
69 63 12
69 14 15
70 57 -2
70 53 41
71 36 37
71 49 4
72 71 32
72 37 -6
73 33 44
73 69 28
74 72 38
74 60 49
75 22 44
75 41 25
76 78 27
76 70 41
77 30 28
77 77 41
78 64 21
78 41 32
79 1 -9
79 69 4
80 27 38
80 51 11
