0 204 47
0 348 -7
0 227 36
0 459 45
1 725 6
1 114 36
1 500 30
1 137 6
2 296 24
2 322 -3
2 106 41
2 287 -1
3 279 -7
3 143 -2
3 268 21
3 542 29
4 162 41
4 449 47
4 653 43
4 636 30
5 192 10
5 651 13
5 603 36
5 343 35
6 124 48
6 203 9
6 603 28
6 554 48
7 527 40
7 666 47
7 522 19
7 321 48
8 246 -3
8 546 25
8 532 37
8 463 11
9 409 20
9 587 9
9 504 13
9 231 37
10 255 33
10 561 30
10 253 29
10 57 -7
11 597 45
11 293 3
11 250 15
11 261 20
12 94 47
12 476 44
12 672 42
12 67 10
13 433 8
13 111 37
13 228 -9
13 644 40
14 105 -9
14 52 10
14 152 32
14 483 21
15 623 -2
15 401 24
15 581 37
15 463 34
16 73 7
16 295 21
16 118 32
16 198 29
17 127 18
17 267 31
17 422 30
17 195 4
18 646 30
18 393 -6
18 458 13
18 233 28
19 141 2
19 138 1
19 633 6
19 593 33
20 379 26
20 677 13
20 705 17
20 212 49
21 552 29
21 338 8
21 245 9
21 153 15
22 351 6
22 96 31
22 372 14
22 547 37
23 168 33
23 259 7
23 200 49
23 649 47
24 577 30
24 505 -9
24 214 24
24 220 31
25 434 30
25 316 -3
25 43 -1
25 348 6
26 715 7
26 679 35
26 68 32
26 145 -3
27 18 20
27 683 3
27 189 38
27 178 38
28 556 13
28 356 19
28 519 24
28 350 37
29 666 43
29 572 12
29 546 4
29 336 36
30 17 19
30 551 37
30 145 45
30 360 21
31 643 3
31 423 28
31 471 45
31 333 43
32 571 13
32 82 -5
32 281 -5
32 697 44
33 88 22
33 656 13
33 142 7
33 201 16
34 374 26
34 528 -1
34 174 30
34 554 -9
35 573 -5
35 543 -9
35 578 6
35 32 37
36 313 -3
36 706 -9
36 583 46
36 595 21
37 500 12
37 256 -3
37 105 -8
37 549 22
38 26 34
38 138 35
38 658 37
38 623 43
39 254 -9
39 365 -3
39 190 0
39 195 -6
40 436 4
40 107 7
40 448 23
40 44 16
41 167 20
41 233 39
41 112 39
41 423 37
42 60 9
42 129 25
42 454 15
42 68 19
43 428 48
43 176 2
43 31 30
43 459 35
44 125 24
44 187 29
44 125 47
44 560 8
45 405 13
45 566 5
45 671 42
45 235 35
46 533 32
46 653 -9
46 625 40
46 350 19
47 305 14
47 601 4
47 443 3
47 264 8
48 297 16
48 188 14
48 689 45
48 77 46
49 523 44
49 508 37
49 139 44
49 4 9
50 132 29
50 320 23
50 637 1
50 197 49
51 30 43
51 458 24
51 203 46
51 349 12
52 528 23
52 397 45
52 24 -2
52 229 18
53 0 -2
53 346 -8
53 121 28
53 230 -4
54 23 28
54 535 -6
54 387 32
54 344 37
55 428 13
55 276 -10
55 551 -4
55 103 -2
56 241 4
56 459 1
56 106 -3
56 182 26
57 411 45
57 354 26
57 502 -10
57 547 9
58 62 27
58 92 49
58 713 33
58 289 20
59 510 15
59 726 8
59 18 31
59 242 2
60 657 17
60 180 23
60 326 21
60 585 49
61 116 30
61 19 15
61 465 41
61 640 -4
62 630 45
62 682 45
62 425 39
62 679 16
63 624 40
63 85 23
63 406 31
63 672 -7
64 345 -5
64 62 40
64 55 44
64 679 -9
65 374 40
65 469 38
65 188 39
65 181 -7
66 559 43
66 451 36
66 183 49
66 94 -4
67 269 14
67 518 2
67 281 18
67 70 43
68 90 10
68 122 4
68 322 29
68 529 -4
69 515 32
69 286 16
69 64 6
69 220 46
70 618 34
70 405 37
70 131 -7
70 453 15
71 481 3
71 146 11
71 627 -9
71 444 7
72 447 -7
72 345 -7
72 398 47
72 560 31
73 70 39
73 443 48
73 375 50
73 441 49
74 509 21
74 236 8
74 664 -6
74 445 20
75 86 48
75 9 3
75 406 17
75 613 46
76 479 -5
76 706 36
76 286 10
76 118 18
77 688 -9
77 453 -9
77 295 48
77 501 6
78 452 6
78 177 18
78 689 -3
78 706 6
79 7 47
79 594 0
79 53 23
79 439 0
80 311 -4
80 281 -10
80 612 22
80 634 34
81 263 31
81 41 29
81 662 38
81 515 9
82 633 29
82 275 3
82 119 15
82 547 -7
83 322 0
83 281 34
83 64 37
83 165 47
84 556 38
84 109 -8
84 19 -3
84 690 40
85 421 26
85 171 -4
85 265 -3
85 632 30
86 181 -4
86 171 20
86 243 -10
86 587 43
87 168 2
87 703 41
87 369 39
87 609 2
88 282 -3
88 252 20
88 244 32
88 577 19
89 79 -5
89 463 17
89 28 33
89 92 5
90 30 -8
90 55 11
90 545 12
90 214 16
91 421 39
91 335 38
91 584 15
91 237 14
92 0 34
92 125 27
92 228 44
92 279 40
93 638 19
93 461 16
93 591 -7
93 174 12
94 113 40
94 618 44
94 275 16
94 36 37
95 310 17
95 709 7
95 24 12
95 343 -6
96 396 6
96 698 8
96 492 32
96 608 41
97 479 45
97 381 32
97 145 50
97 155 28
98 429 19
98 697 39
98 275 -4
98 78 5
99 215 7
99 355 50
99 263 1
99 433 23
100 400 10
100 17 28
100 634 10
100 345 -10
101 86 47
101 477 22
101 267 31
101 495 10
102 344 -9
102 613 5
102 626 2
102 112 -1
103 105 8
103 430 41
103 217 3
103 123 -7
104 364 21
104 191 2
104 274 -1
104 416 7
105 214 43
105 654 19
105 390 27
105 35 -5
106 484 38
106 330 7
106 199 46
106 39 48
107 668 40
107 55 11
107 485 38
107 426 48
108 690 46
108 481 15
108 707 33
108 44 1
109 641 26
109 436 -6
109 292 38
109 269 -1
110 112 7
110 616 36
110 483 39
110 352 30
111 518 26
111 554 21
111 27 -10
111 312 40
112 344 29
112 315 42
112 451 -10
112 583 37
113 157 -9
113 94 17
113 723 -7
113 480 -10
114 621 23
114 708 43
114 669 -8
114 333 3
115 497 -8
115 658 35
115 271 40
115 33 7
116 79 20
116 667 21
116 260 29
116 727 36
117 521 6
117 296 38
117 645 47
117 105 49
118 367 39
118 593 36
118 671 37
118 4 -9
119 86 7
119 161 32
119 603 28
119 490 37
120 197 -3
120 327 34
120 211 15
120 639 12
121 209 8
121 722 49
121 61 4
121 348 6
122 555 34
122 419 17
122 625 34
122 608 49
123 519 42
123 633 2
123 486 42
123 430 -7
124 316 1
124 416 25
124 154 -6
124 657 48
125 236 2
125 554 41
125 716 6
125 399 30
126 152 42
126 65 40
126 704 33
126 685 -9
127 567 2
127 670 38
127 312 16
127 633 8
128 30 38
128 46 24
128 252 34
128 319 43
129 9 1
129 51 45
129 641 33
129 414 9
130 534 6
130 268 22
130 394 36
130 79 30
131 363 36
131 485 -9
131 660 32
131 357 33
132 77 6
132 448 32
132 687 36
132 123 50
133 417 21
133 396 44
133 593 43
133 590 12
134 303 34
134 387 30
134 252 36
134 76 24
135 603 13
135 709 24
135 215 38
135 272 18
136 2 15
136 42 33
136 24 19
136 147 19
137 34 -4
137 649 49
137 448 8
137 578 5
138 407 28
138 257 41
138 311 -7
138 47 11
139 94 33
139 305 36
139 671 -10
139 577 8
140 702 -7
140 405 14
140 623 35
140 722 35
141 593 15
141 241 31
141 457 45
141 40 50
142 65 10
142 286 22
142 515 27
142 347 17
143 213 43
143 678 22
143 43 41
143 394 31
144 681 16
144 306 11
144 681 47
144 409 30
145 488 13
145 285 -7
145 342 48
145 342 -6
146 67 27
146 426 14
146 525 26
146 523 19
147 185 6
147 330 45
147 567 37
147 267 7
148 567 38
148 337 23
148 553 -4
148 366 8
149 154 6
149 59 20
149 727 42
149 4 44
150 346 1
150 337 13
150 86 4
150 287 31
151 121 -3
151 689 43
151 10 40
151 413 9
152 152 29
152 208 -9
152 566 36
152 411 4
153 208 0
153 42 36
153 548 42
153 467 14
154 119 27
154 543 -3
154 245 13
154 342 46
155 317 50
155 262 50
155 406 42
155 640 21
156 178 7
156 604 -9
156 352 42
156 172 7
157 273 -5
157 708 39
157 49 43
157 213 28
158 479 -3
158 128 -8
158 238 -1
158 52 21
159 549 16
159 45 -10
159 397 1
159 167 37
160 216 3
160 552 24
160 726 17
160 565 7
161 56 2
161 156 13
161 648 11
161 698 -7
162 15 28
162 254 -4
162 109 -3
162 128 43
163 424 -3
163 139 -5
163 396 3
163 459 12
164 693 34
164 566 31
164 20 -5
164 110 45
165 111 9
165 224 -9
165 48 35
165 637 44
166 508 32
166 152 32
166 65 37
166 420 0
167 314 43
167 512 6
167 282 25
167 101 31
168 609 40
168 553 28
168 35 43
168 510 10
169 109 35
169 535 47
169 228 48
169 498 -4
170 623 32
170 390 -9
170 543 11
170 311 -4
171 305 30
171 11 29
171 526 4
171 557 24
172 112 12
172 661 36
172 14 15
172 393 39
173 670 50
173 81 -5
173 669 24
173 606 28
174 325 39
174 679 4
174 547 2
174 256 46
175 539 10
175 93 46
175 170 -2
175 332 -8
176 539 35
176 311 20
176 699 39
176 298 17
177 529 21
177 129 26
177 496 11
177 637 25
178 533 29
178 499 15
178 435 12
178 592 20
179 12 -3
179 285 37
179 707 0
179 403 -7
180 98 41
180 464 39
180 260 -8
180 392 33
181 23 7
181 215 -8
181 250 4
181 612 29
182 364 43
182 187 31
182 675 -7
182 691 -3
183 395 43
183 470 21
183 467 37
183 605 25
184 558 -4
184 441 31
184 670 45
184 693 29
185 727 -8
185 324 5
185 552 25
185 352 30
186 83 3
186 347 -9
186 705 26
186 170 48
187 39 34
187 358 40
187 385 25
187 518 6
188 93 22
188 40 17
188 28 38
188 644 11
189 50 46
189 105 4
189 105 6
189 565 5
190 417 23
190 307 28
190 78 47
190 284 9
191 172 42
191 620 8
191 365 28
191 98 6
192 359 15
192 270 14
192 72 23
192 717 31
193 668 12
193 369 16
193 260 34
193 549 15
194 194 47
194 99 26
194 685 14
194 651 19
195 95 9
195 668 12
195 361 32
195 476 -6
196 219 -3
196 222 0
196 210 -3
196 369 40
197 145 -9
197 269 41
197 16 11
197 317 29
198 268 4
198 476 6
198 230 30
198 81 18
199 317 25
199 715 48
199 571 31
199 181 42
200 5 35
200 520 13
200 328 15
200 218 42
201 441 -10
201 114 42
201 684 -5
201 169 -2
202 356 25
202 718 8
202 281 32
202 525 4
203 234 23
203 286 6
203 202 45
203 601 -5
204 3 43
204 220 28
204 286 44
204 520 21
205 204 12
205 697 -2
205 296 48
205 566 31
206 86 7
206 441 5
206 725 7
206 153 50
207 279 24
207 290 -3
207 286 7
207 282 50
208 440 8
208 92 21
208 39 44
208 280 29
209 321 15
209 547 40
209 707 17
209 213 5
210 171 49
210 511 22
210 608 17
210 445 24
211 510 4
211 660 18
211 455 49
211 613 31
212 88 34
212 413 41
212 441 38
212 605 40
213 503 8
213 498 -8
213 449 -3
213 144 9
214 387 35
214 561 -8
214 173 39
214 493 27
215 392 5
215 441 37
215 46 31
215 245 -5
216 43 21
216 521 0
216 555 37
216 46 11
217 633 38
217 339 9
217 7 1
217 147 7
218 232 1
218 590 18
218 534 -10
218 424 24
219 224 32
219 237 22
219 376 33
219 624 -3
220 479 13
220 704 14
220 660 1
220 537 42
221 601 44
221 320 48
221 131 43
221 83 40
222 341 3
222 101 8
222 25 14
222 302 31
223 177 41
223 406 47
223 542 23
223 201 29
224 701 -1
224 295 34
224 108 29
224 79 -5
225 4 46
225 47 22
225 295 49
225 663 -8
226 273 17
226 624 23
226 612 13
226 397 31
227 427 34
227 596 38
227 312 35
227 512 -10
228 22 33
228 655 -8
228 48 42
228 224 13
229 231 34
229 155 29
229 466 15
229 664 49
230 357 35
230 549 35
230 212 4
230 23 5
231 700 -8
231 276 11
231 498 34
231 469 36
232 474 27
232 398 36
232 87 22
232 630 -10
233 612 30
233 290 5
233 683 50
233 559 -3
234 721 -5
234 127 46
234 165 26
234 517 35
235 482 26
235 416 46
235 362 32
235 62 -7
236 396 2
236 16 5
236 84 -10
236 483 -5
237 70 13
237 574 -8
237 618 -9
237 579 15
238 84 19
238 0 27
238 68 38
238 553 22
239 570 28
239 16 25
239 577 -9
239 255 20
240 391 5
240 619 38
240 393 -2
240 664 17
241 468 18
241 511 45
241 240 45
241 377 0
242 176 14
242 98 8
242 198 19
242 512 43
243 120 1
243 72 43
243 218 15
243 113 -10
244 68 42
244 272 45
244 621 5
244 558 36
245 452 -1
245 493 -7
245 399 17
245 184 40
246 384 29
246 394 -5
246 262 41
246 7 25
247 437 -5
247 724 -5
247 663 24
247 597 21
248 592 21
248 146 32
248 518 26
248 88 28
249 25 37
249 84 36
249 459 4
249 22 40
250 184 50
250 575 48
250 101 8
250 702 20
251 255 17
251 493 7
251 597 27
251 528 -3
252 565 -10
252 606 3
252 535 40
252 294 29
253 51 40
253 264 21
253 198 23
253 301 4
254 667 50
254 235 40
254 145 -2
254 158 -6
255 149 -2
255 167 42
255 170 -5
255 482 20
256 587 20
256 57 11
256 545 46
256 117 36
257 166 34
257 346 16
257 42 22
257 176 -8
258 430 21
258 140 3
258 108 26
258 241 8
259 595 2
259 146 26
259 604 -2
259 678 7
260 361 23
260 506 41
260 107 -3
260 557 4
261 511 -10
261 106 2
261 412 0
261 245 50
262 483 15
262 294 -2
262 245 21
262 143 43
263 622 34
263 710 50
263 220 -4
263 301 29
264 620 49
264 236 0
264 664 13
264 674 2
265 401 40
265 83 49
265 44 14
265 119 26
266 471 18
266 326 -8
266 578 7
266 116 38
267 550 46
267 433 -4
267 550 17
267 219 18
268 32 36
268 378 38
268 349 -8
268 137 29
269 501 31
269 458 31
269 414 8
269 461 -1
270 80 45
270 462 20
270 418 44
270 306 16
271 723 23
271 252 9
271 686 18
271 209 34
272 502 48
272 621 12
272 169 43
272 498 27
273 723 33
273 279 24
273 254 3
273 621 25
274 706 32
274 642 44
274 711 -10
274 432 -1
275 542 5
275 244 48
275 299 31
275 323 7
276 542 8
276 626 38
276 556 2
276 367 13
277 356 39
277 412 37
277 450 11
277 502 37
278 660 45
278 126 22
278 661 49
278 161 25
279 321 11
279 394 47
279 459 1
279 430 49
280 334 -6
280 370 -9
280 394 5
280 27 15
281 654 15
281 342 34
281 192 6
281 443 29
282 683 37
282 630 24
282 545 43
282 691 25
283 293 12
283 484 48
283 367 34
283 338 11
284 690 19
284 287 -4
284 581 1
284 720 10
285 451 39
285 81 46
285 622 8
285 181 19
286 27 1
286 583 26
286 154 45
286 6 3
287 401 12
287 688 22
287 727 13
287 701 7
288 97 44
288 588 50
288 252 -4
288 300 29
289 395 13
289 569 21
289 45 31
289 362 43
290 721 42
290 425 -1
290 14 -10
290 377 -1
291 391 6
291 347 44
291 609 14
291 630 -1
292 152 -6
292 388 16
292 85 36
292 214 9
293 186 41
293 314 19
293 84 -7
293 148 20
294 159 13
294 584 16
294 119 29
294 450 19
295 617 8
295 268 45
295 559 3
295 472 41
296 489 49
296 282 20
296 492 38
296 21 -2
297 299 34
297 403 -3
297 413 33
297 547 43
298 111 20
298 219 36
298 676 39
298 336 -2
299 371 25
299 255 13
299 136 8
299 604 30
300 658 14
300 298 34
300 173 13
300 21 -2
301 395 9
301 356 10
301 353 24
301 668 44
302 64 -5
302 531 14
302 693 36
302 97 40
303 316 17
303 388 22
303 465 14
303 236 7
304 239 34
304 616 30
304 618 -6
304 79 34
305 263 42
305 539 27
305 543 27
305 541 5
306 216 21
306 175 1
306 400 48
306 283 16
307 276 0
307 142 40
307 712 33
307 643 14
308 47 23
308 648 30
308 383 26
308 234 16
309 166 48
309 559 43
309 129 0
309 616 8
310 100 -5
310 353 24
310 639 12
310 623 6
311 273 32
311 411 26
311 363 40
311 141 30
312 397 20
312 400 45
312 408 44
312 662 17
313 17 -10
313 383 38
313 719 15
313 21 30
314 199 -9
314 325 0
314 186 25
314 34 11
315 501 4
315 624 -8
315 539 25
315 219 -6
316 239 -2
316 96 26
316 631 8
316 365 27
317 349 47
317 84 14
317 579 40
317 439 48
318 331 7
318 419 21
318 478 45
318 202 11
319 647 9
319 428 16
319 453 -7
319 275 5
320 206 38
320 235 -8
320 144 37
320 333 -5
321 633 48
321 641 31
321 168 43
321 169 45
322 119 7
322 127 8
322 719 6
322 490 -9
323 135 43
323 697 4
323 78 -5
323 672 43
324 28 47
324 61 25
324 559 43
324 39 6
325 630 32
325 656 19
325 33 26
325 492 20
326 112 2
326 709 43
326 397 -3
326 148 48
327 640 29
327 612 17
327 71 42
327 124 32
328 222 21
328 181 -5
328 98 48
328 568 -1
329 502 21
329 196 5
329 699 42
329 383 39
330 554 32
330 592 25
330 9 -8
330 598 30
331 420 37
331 309 38
331 201 19
331 408 0
332 164 39
332 407 4
332 685 27
332 643 40
333 343 22
333 255 29
333 495 5
333 397 17
334 139 -10
334 322 47
334 82 -8
334 390 38
335 696 43
335 641 48
335 228 28
335 160 35
336 14 40
336 457 32
336 160 12
336 119 -8
337 95 5
337 470 48
337 491 22
337 376 18
338 277 13
338 12 0
338 673 44
338 410 31
339 413 -10
339 648 37
339 298 17
339 358 50
340 282 13
340 475 13
340 229 38
340 478 4
341 344 10
341 567 24
341 254 13
341 151 17
342 578 29
342 313 46
342 142 16
342 407 41
343 284 -6
343 7 22
343 262 39
343 171 49
344 712 15
344 630 35
344 14 14
344 118 29
345 274 24
345 116 27
345 464 42
345 487 38
346 656 40
346 610 -2
346 635 22
346 424 41
347 88 19
347 458 -2
347 553 50
347 608 33
348 655 8
348 183 5
348 477 26
348 588 33
349 95 38
349 273 37
349 369 26
349 395 27
350 472 41
350 526 3
350 698 47
350 710 18
351 356 -7
351 377 -10
351 28 38
351 241 15
352 60 -7
352 557 22
352 649 40
352 414 14
353 550 20
353 447 -2
353 387 47
353 79 23
354 263 -5
354 487 16
354 564 28
354 126 44
355 370 -7
355 156 -5
355 561 43
355 575 38
356 528 0
356 148 27
356 600 35
356 654 40
357 94 38
357 670 16
357 518 30
357 617 13
358 555 10
358 520 19
358 628 42
358 656 -6
359 378 3
359 719 -10
359 546 7
359 193 49
360 215 5
360 417 32
360 31 -10
360 54 7
361 131 31
361 458 41
361 244 -8
361 11 1
362 568 22
362 317 35
362 51 5
362 245 24
363 198 28
363 438 -10
363 207 12
363 707 48
364 545 17
364 695 29
364 691 24
364 161 11
365 565 16
365 45 -3
365 2 14
365 131 7
366 726 30
366 279 44
366 279 32
366 604 8
367 440 37
367 675 27
367 13 33
367 74 5
368 635 44
368 328 42
368 297 12
368 511 28
369 94 2
369 258 -6
369 364 3
369 527 21
370 588 12
370 71 -9
370 369 41
370 373 42
371 519 40
371 186 49
371 206 46
371 30 13
372 439 22
372 596 -9
372 97 28
372 304 27
373 598 -10
373 674 26
373 493 3
373 487 48
374 474 -1
374 576 30
374 652 15
374 325 38
375 515 15
375 358 -8
375 625 43
375 453 0
376 577 34
376 518 46
376 9 1
376 261 -3
377 520 41
377 220 -9
377 723 31
377 657 48
378 535 16
378 434 50
378 563 40
378 512 31
379 86 25
379 71 14
379 8 38
379 59 32
380 628 -1
380 605 -4
380 494 -4
380 442 39
381 366 24
381 245 4
381 63 38
381 682 37
382 82 14
382 295 14
382 129 5
382 117 -4
383 480 7
383 97 11
383 645 34
383 455 12
384 668 -6
384 333 23
384 69 21
384 650 -10
385 367 44
385 562 22
385 285 47
385 287 24
386 605 10
386 294 39
386 128 17
386 456 15
387 272 15
387 372 15
387 64 12
387 588 6
388 409 11
388 102 47
388 46 49
388 292 41
389 58 32
389 215 44
389 180 43
389 339 36
390 289 14
390 262 33
390 499 34
390 130 1
391 430 27
391 35 42
391 220 -2
391 671 41
392 623 2
392 720 38
392 92 48
392 264 -10
393 659 46
393 545 0
393 149 42
393 484 36
394 550 42
394 640 2
394 498 8
394 196 9
395 212 16
395 682 29
395 37 -4
395 48 33
396 488 33
396 53 16
396 55 6
396 509 -4
397 189 -8
397 300 5
397 235 15
397 567 26
398 214 35
398 678 21
398 212 7
398 140 10
399 27 31
399 408 5
399 395 3
399 140 17
400 649 1
400 154 9
400 137 42
400 275 43
401 644 -4
401 376 21
401 224 28
401 687 37
402 523 9
402 530 41
402 632 29
402 405 42
403 126 19
403 70 8
403 246 49
403 710 22
404 549 14
404 155 0
404 422 37
404 0 2
405 208 40
405 387 47
405 712 41
405 246 50
406 340 25
406 688 -6
406 437 14
406 30 -7
407 591 14
407 597 19
407 312 43
407 560 31
408 54 50
408 652 4
408 370 -10
408 483 7
409 237 -6
409 54 15
409 255 8
409 622 23
410 151 18
410 52 0
410 438 0
410 672 12
411 6 27
411 42 -6
411 22 12
411 383 38
412 650 9
412 261 14
412 435 47
412 36 41
413 2 19
413 606 43
413 512 9
413 311 1
414 583 39
414 98 34
414 384 1
414 665 -2
415 20 -1
415 666 18
415 322 5
415 126 41
416 593 4
416 158 -1
416 494 12
416 726 15
417 144 6
417 586 38
417 647 13
417 613 40
418 709 32
418 150 12
418 114 -8
418 254 13
419 273 41
419 376 20
419 253 -6
419 395 35
420 571 3
420 130 -6
420 156 10
420 462 13
421 369 -5
421 9 17
421 47 35
421 454 39
422 70 17
422 99 48
422 470 -9
422 432 19
423 119 -4
423 567 -4
423 384 22
423 660 -2
424 445 35
424 105 37
424 223 11
424 533 49
425 368 19
425 142 46
425 707 35
425 347 9
426 227 14
426 409 45
426 39 -8
426 672 23
427 582 28
427 147 -9
427 652 14
427 216 29
428 313 16
428 462 30
428 270 14
428 423 -2
429 3 49
429 127 15
429 299 3
429 4 -10
430 479 45
430 121 20
430 281 16
430 344 8
431 608 -10
431 77 29
431 702 14
431 644 48
432 716 17
432 606 31
432 707 11
432 383 49
433 709 29
433 299 34
433 595 -4
433 218 12
434 431 37
434 225 -9
434 300 15
434 31 39
435 293 12
435 98 -2
435 722 0
435 680 46
436 420 37
436 525 25
436 264 45
436 285 19
437 518 43
437 337 45
437 727 14
437 208 44
438 349 4
438 433 37
438 711 38
438 597 47
439 75 -7
439 432 -7
439 653 22
439 17 4
440 493 17
440 169 26
440 421 0
440 625 -6
441 358 -9
441 63 27
441 191 40
441 222 48
442 341 26
442 685 48
442 160 -4
442 338 10
443 94 33
443 85 26
443 394 50
443 628 19
444 28 42
444 288 33
444 403 23
444 401 4
445 558 5
445 5 25
445 633 29
445 489 -4
446 526 18
446 195 41
446 154 25
446 673 15
447 686 7
447 75 42
447 557 23
447 145 14
448 537 36
448 639 49
448 30 41
448 616 22
449 188 0
449 153 39
449 154 20
449 342 45
450 655 44
450 637 15
450 591 3
450 697 2
451 270 33
451 706 42
451 635 42
451 17 41
452 178 48
452 680 11
452 188 4
452 643 34
453 35 31
453 181 18
453 667 32
453 159 34
454 286 46
454 591 11
454 310 36
454 702 15
455 311 8
455 280 14
455 534 19
455 722 46
456 173 12
456 474 11
456 553 1
456 673 3
457 426 36
457 380 2
457 202 46
457 689 32
458 70 3
458 644 16
458 389 7
458 200 -5
459 491 18
459 218 37
459 41 17
459 121 28
460 93 46
460 231 3
460 369 43
460 509 0
461 443 10
461 595 24
461 201 -4
461 355 9
462 369 -4
462 501 -8
462 390 28
462 506 -10
463 87 40
463 96 12
463 423 32
463 401 -6
464 63 38
464 385 44
464 657 27
464 550 38
465 395 16
465 572 11
465 639 3
465 520 34
466 545 -8
466 706 48
466 28 13
466 547 14
467 63 20
467 490 19
467 224 33
467 719 18
468 63 19
468 26 38
468 646 -10
468 165 -4
469 261 46
469 105 8
469 585 33
469 180 35
470 619 45
470 278 -10
470 320 28
470 246 16
471 547 33
471 445 28
471 115 -6
471 281 47
472 328 29
472 115 37
472 230 50
472 383 15
473 213 19
473 679 11
473 434 38
473 216 43
474 306 14
474 501 35
474 160 17
474 660 21
475 40 42
475 629 -4
475 544 4
475 11 -9
476 44 16
476 29 31
476 470 12
476 47 49
477 38 40
477 108 9
477 351 7
477 560 0
478 187 1
478 589 46
478 105 36
478 170 31
479 617 41
479 474 32
479 727 42
479 412 45
480 548 11
480 436 -6
480 699 16
480 121 4
481 355 4
481 574 27
481 621 9
481 255 43
482 354 14
482 475 43
482 684 28
482 90 -1
483 451 8
483 601 7
483 189 -7
483 141 5
484 258 -4
484 192 50
484 513 19
484 291 45
485 685 8
485 571 20
485 273 3
485 476 17
486 443 27
486 671 31
486 228 45
486 394 7
487 653 21
487 423 21
487 94 15
487 256 40
488 325 45
488 125 48
488 342 12
488 226 43
489 17 3
489 425 18
489 510 36
489 629 1
490 665 7
490 577 4
490 258 -1
490 650 14
491 525 -7
491 316 50
491 522 48
491 579 29
492 361 16
492 434 39
492 170 -3
492 248 -10
493 0 24
493 302 40
493 20 17
493 389 48
494 687 18
494 312 -8
494 49 -9
494 55 23
495 179 21
495 317 -10
495 309 -1
495 337 43
496 572 -4
496 679 2
496 716 20
496 40 29
497 270 29
497 279 2
497 93 33
497 697 38
498 472 6
498 13 -9
498 693 27
498 171 26
499 582 9
499 474 5
499 536 41
499 170 50
500 522 37
500 397 -7
500 537 21
500 308 35
501 307 38
501 466 2
501 504 4
501 692 9
502 264 29
502 18 16
502 686 36
502 326 9
503 486 42
503 270 22
503 424 26
503 270 8
504 501 13
504 622 37
504 465 5
504 182 32
505 721 11
505 172 41
505 53 34
505 601 1
506 409 -1
506 522 0
506 165 5
506 444 2
507 235 12
507 279 45
507 38 24
507 10 25
508 630 -7
508 420 29
508 328 38
508 726 5
509 413 -6
509 413 -10
509 637 18
509 164 22
510 406 41
510 317 30
510 591 22
510 123 24
511 114 12
511 420 7
511 441 50
511 494 44
512 509 -4
512 607 18
512 569 0
512 117 43
513 487 -4
513 584 -10
513 437 45
513 447 5
514 322 41
514 244 10
514 90 10
514 381 24
515 314 -5
515 283 9
515 675 39
515 641 45
516 705 7
516 215 47
516 597 31
516 611 23
517 569 -10
517 389 30
517 97 23
517 511 10
518 210 -10
518 381 37
518 1 13
518 432 25
519 175 44
519 610 32
519 326 8
519 642 30
520 384 -10
520 224 1
520 461 45
520 82 44
521 288 7
521 461 37
521 98 44
521 458 28
522 619 41
522 326 18
522 59 41
522 199 5
523 612 17
523 271 31
523 568 -1
523 252 38
524 57 42
524 641 29
524 266 43
524 122 13
525 359 50
525 681 49
525 419 22
525 635 9
526 265 42
526 77 3
526 121 18
526 404 27
527 164 20
527 581 31
527 279 28
527 65 6
528 668 -9
528 180 40
528 82 15
528 191 3
529 107 25
529 214 27
529 163 5
529 467 44
530 116 16
530 224 4
530 661 7
530 79 -3
531 412 -4
531 176 48
531 502 30
531 154 26
532 562 40
532 400 -4
532 549 29
532 706 47
533 541 33
533 395 24
533 226 -10
533 305 -4
534 378 22
534 301 35
534 269 17
534 118 28
535 335 3
535 40 9
535 728 1
535 566 -10
536 63 5
536 315 6
536 722 49
536 693 -5
537 416 -5
537 102 6
537 139 14
537 252 39
538 460 -7
538 621 -7
538 6 -5
538 292 40
539 310 42
539 199 26
539 93 25
539 703 39
540 89 43
540 111 -5
540 154 30
540 250 45
541 452 -7
541 575 1
541 711 39
541 331 10
542 13 -1
542 317 28
542 487 -2
542 472 30
543 701 34
543 14 20
543 595 33
543 367 9
544 601 30
544 543 37
544 226 50
544 488 9
545 555 34
545 242 -8
545 376 -9
545 110 18
546 514 34
546 294 33
546 595 4
546 418 -7
547 399 10
547 386 49
547 136 -1
547 170 50
548 119 46
548 517 26
548 587 25
548 343 38
549 398 -1
549 416 25
549 444 10
549 490 1
550 106 49
550 585 35
550 725 36
550 483 21
551 280 -9
551 295 1
551 674 32
551 432 17
552 357 3
552 38 33
552 522 16
552 21 48
553 67 30
553 37 45
553 34 7
553 331 45
554 160 35
554 239 9
554 612 44
554 612 38
555 52 17
555 646 22
555 174 46
555 628 50
556 679 27
556 617 -6
556 699 17
556 258 24
557 141 40
557 497 37
557 441 42
557 161 41
558 239 46
558 121 44
558 475 20
558 93 29
559 31 2
559 442 2
559 485 46
559 705 11
560 316 47
560 132 17
560 255 -2
560 499 8
561 641 29
561 176 11
561 424 49
561 338 -3
562 82 15
562 289 -2
562 215 -2
562 516 15
563 339 42
563 32 10
563 194 4
563 177 35
564 423 29
564 468 22
564 220 4
564 62 1
565 34 0
565 522 42
565 99 0
565 9 44
566 189 7
566 164 7
566 566 -10
566 69 37
567 431 48
567 80 -3
567 158 -7
567 95 1
568 369 43
568 476 22
568 165 3
568 166 20
569 618 8
569 404 23
569 231 3
569 3 11
570 194 34
570 414 50
570 399 -4
570 288 49
571 36 47
571 103 21
571 645 48
571 142 30
572 167 12
572 452 -6
572 639 36
572 160 49
573 88 25
573 577 -7
573 11 -2
573 634 4
574 66 -7
574 312 18
574 501 41
574 182 35
575 452 22
575 646 -8
575 359 -6
575 80 5
576 104 23
576 720 -9
576 229 -3
576 537 20
577 659 8
577 659 32
577 428 25
577 530 4
578 701 20
578 15 26
578 473 -10
578 428 33
579 364 19
579 549 23
579 263 2
579 556 -6
580 390 -9
580 55 6
580 574 43
580 460 27
581 426 3
581 298 -3
581 563 -10
581 519 28
582 44 0
582 715 35
582 301 18
582 679 16
583 421 42
583 599 33
583 52 37
583 575 1
584 601 41
584 100 27
584 101 25
584 613 -5
585 407 34
585 207 27
585 83 47
585 345 2
586 382 7
586 147 30
586 335 -8
586 619 37
587 240 26
587 558 48
587 251 24
587 564 2
588 433 20
588 709 10
588 164 41
588 547 -10
589 405 18
589 619 39
589 521 -3
589 446 35
590 161 16
590 704 38
590 587 32
590 92 -5
591 173 36
591 529 36
591 366 24
591 543 -10
592 611 16
592 166 2
592 399 48
592 588 20
593 33 26
593 720 -2
593 627 25
593 364 -7
594 404 34
594 713 19
594 319 3
594 678 -3
595 542 45
595 284 14
595 594 3
595 77 5
596 580 28
596 610 18
596 252 -5
596 686 3
597 528 13
597 117 -9
597 711 50
597 264 18
598 574 21
598 522 10
598 184 38
598 372 37
599 284 11
599 186 32
599 260 33
599 525 6
600 410 32
600 71 45
600 94 -5
600 429 25
601 289 27
601 692 -9
601 283 44
601 608 31
602 142 32
602 406 29
602 50 45
602 621 13
603 648 -3
603 356 27
603 639 44
603 599 4
604 228 17
604 279 24
604 329 27
604 552 47
605 186 16
605 78 21
605 339 38
605 464 34
606 687 -6
606 582 39
606 218 38
606 299 25
607 348 -10
607 401 12
607 271 28
607 106 17
608 380 -3
608 318 27
608 413 47
608 146 29
609 294 -4
609 549 -4
609 103 9
609 721 21
610 232 22
610 719 -5
610 621 8
610 539 -6
611 106 2
611 48 -5
611 554 27
611 155 23
612 276 11
612 28 45
612 79 -9
612 538 7
613 728 28
613 39 47
613 338 18
613 208 17
614 257 -3
614 637 16
614 32 30
614 175 -2
615 430 -3
615 18 43
615 399 0
615 341 22
616 80 18
616 378 10
616 230 -3
616 351 1
617 250 43
617 60 16
617 641 50
617 221 -1
618 385 -6
618 364 26
618 687 20
618 399 45
619 336 21
619 400 18
619 259 45
619 150 0
620 689 24
620 616 5
620 728 21
620 21 30
621 342 1
621 216 21
621 443 -9
621 146 14
622 152 33
622 126 -8
622 166 -6
622 263 -9
623 426 48
623 543 38
623 202 -1
623 543 4
624 461 44
624 492 -3
624 635 34
624 358 44
625 466 42
625 668 24
625 629 -7
625 450 2
626 193 44
626 373 -7
626 675 34
626 457 47
627 247 1
627 166 34
627 603 37
627 659 5
628 356 -8
628 196 41
628 141 14
628 342 31
629 575 39
629 507 18
629 145 46
629 519 30
630 435 50
630 367 40
630 20 3
630 514 25
631 710 16
631 310 21
631 15 42
631 54 23
632 488 -3
632 273 18
632 458 40
632 13 44
633 114 20
633 227 30
633 359 44
633 632 -5
634 652 41
634 414 33
634 341 10
634 301 50
635 379 34
635 0 -1
635 246 12
635 157 47
636 176 8
636 86 16
636 627 42
636 219 40
637 624 1
637 274 37
637 653 4
637 475 28
638 508 18
638 227 25
638 233 -4
638 53 9
639 654 8
639 155 18
639 675 32
639 363 38
640 502 41
640 691 3
640 199 23
640 481 49
641 87 9
641 134 26
641 554 44
641 17 34
642 416 45
642 283 25
642 662 43
642 569 49
643 334 -4
643 551 -3
643 271 9
643 217 30
644 454 17
644 469 42
644 664 46
644 342 -2
645 324 5
645 374 29
645 621 44
645 640 -2
646 647 8
646 184 16
646 706 48
646 501 40
647 711 -6
647 187 7
647 311 -2
647 596 -2
648 524 50
648 139 50
648 273 30
648 252 41
649 641 -8
649 7 7
649 276 -3
649 651 -9
650 714 7
650 420 1
650 172 36
650 650 -3
651 488 13
651 193 34
651 447 -1
651 578 38
652 246 24
652 393 25
652 347 46
652 141 43
653 234 -8
653 451 -6
653 267 20
653 338 12
654 62 -9
654 396 48
654 178 45
654 156 3
655 359 -9
655 496 21
655 277 31
655 150 35
656 42 -7
656 63 17
656 504 1
656 265 11
657 692 14
657 695 50
657 399 17
657 693 43
658 193 46
658 511 26
658 592 24
658 488 13
659 248 47
659 71 43
659 291 46
659 290 9
660 468 3
660 503 50
660 553 23
660 637 31
661 165 -2
661 506 46
661 243 37
661 199 35
662 453 -4
662 688 32
662 450 4
662 725 -6
663 275 45
663 688 50
663 479 20
663 223 0
664 445 3
664 339 -5
664 379 2
664 334 12
665 185 6
665 39 46
665 89 15
665 637 10
666 471 -8
666 83 -8
666 429 -4
666 244 -8
667 462 22
667 133 40
667 120 -4
667 100 1
668 116 21
668 504 44
668 115 40
668 370 22
669 464 9
669 644 -1
669 656 -8
669 298 17
670 271 14
670 728 -8
670 552 45
670 16 0
671 612 15
671 71 -1
671 565 31
671 114 38
672 54 18
672 268 24
672 520 46
672 546 44
673 49 40
673 715 44
673 685 36
673 479 -8
674 313 45
674 116 14
674 10 38
674 400 10
675 337 44
675 468 21
675 100 15
675 232 22
676 26 37
676 408 24
676 236 19
676 720 13
677 89 11
677 535 19
677 718 14
677 542 49
678 296 28
678 634 7
678 13 -2
678 578 13
679 16 18
679 28 50
679 198 24
679 595 32
680 525 13
680 216 28
680 662 23
680 314 50
681 45 26
681 561 4
681 643 12
681 585 4
682 540 -6
682 138 19
682 239 -5
682 533 17
683 105 -4
683 221 4
683 198 4
683 688 16
684 82 35
684 299 -5
684 336 15
684 642 47
685 473 19
685 636 -7
685 482 -8
685 673 48
686 634 -9
686 590 8
686 397 33
686 518 -8
687 355 -6
687 688 4
687 645 -4
687 324 -5
688 182 -7
688 101 7
688 510 26
688 152 -2
689 113 10
689 239 20
689 153 44
689 641 47
690 249 36
690 377 48
690 226 1
690 652 45
691 692 7
691 219 2
691 547 25
691 572 -2
692 691 -6
692 408 -3
692 637 -6
692 626 48
693 629 0
693 455 46
693 23 5
693 288 -10
694 117 34
694 186 19
694 222 13
694 633 36
695 629 17
695 326 -6
695 391 -9
695 258 16
696 701 36
696 220 31
696 720 6
696 511 -3
697 396 4
697 74 30
697 322 39
697 229 -6
698 486 33
698 517 47
698 333 45
698 366 29
699 372 -7
699 120 20
699 378 34
699 401 15
700 119 5
700 626 8
700 517 -9
700 402 17
701 285 30
701 678 33
701 178 -3
701 383 35
702 51 38
702 178 -10
702 243 50
702 71 6
703 355 42
703 147 21
703 420 8
703 138 44
704 169 -2
704 45 34
704 276 -9
704 128 44
705 539 20
705 669 41
705 90 -4
705 538 39
706 636 17
706 519 -9
706 27 42
706 558 14
707 356 22
707 400 50
707 351 47
707 274 39
708 708 -7
708 190 13
708 294 -1
708 542 36
709 136 33
709 96 9
709 615 22
709 227 -10
710 28 10
710 332 37
710 690 32
710 15 10
711 243 14
711 312 34
711 252 -8
711 412 26
712 458 18
712 620 -9
712 427 18
712 180 -8
713 37 -9
713 77 -7
713 326 10
713 205 21
714 105 14
714 188 -8
714 463 32
714 438 -1
715 216 5
715 728 -2
715 533 21
715 149 2
716 452 33
716 51 8
716 709 -7
716 187 1
717 556 17
717 114 26
717 195 10
717 45 -4
718 293 16
718 497 9
718 664 41
718 137 19
719 402 40
719 458 44
719 723 -8
719 388 -4
720 563 15
720 564 5
720 40 12
720 231 7
721 504 8
721 42 22
721 620 38
721 535 42
722 627 3
722 67 37
722 152 28
722 663 19
723 533 -3
723 47 30
723 525 43
723 501 19
724 260 48
724 254 2
724 163 28
724 160 -3
725 222 -3
725 572 8
725 542 22
725 427 21
726 358 14
726 626 44
726 604 24
726 129 17
727 146 7
727 466 4
727 676 49
727 546 34
728 279 -1
728 552 29
728 603 28
728 691 1
