10
20
30
37
38
42
43
44
45
49
56
57
66
66
67
77
80
93
95
98
103
104
115
132
140
155
157
171
188
193
206
213
215
226
233
233
246
258
260
260
272
283
300
320
321
324
325
329
333
345
348
348
360
363
368
370
373
380
387
387
393
395
397
397
397
409
411
417
429
429
450
457
474
480
480
484
485
502
502
503
522
525
526
550
559
560
566
570
572
591
593
595
600
609
621
625
626
628
631
634
636
644
646
646
647
647
658
671
672
674
679
688
698
701
707
715
718
728
738
751
781
781
782
791
798
806
807
812
828
850
852
853
862
865
868
868
897
904
905
912
913
931
932
938
944
949
963
966
966
971
973
982
993
1018
1023
1025
1027
1046
1049
1067
1077
1080
1083
1092
1105
1108
1134
1140
1166
1168
1174
1174
1183
1191
1198
1203
1204
1213
1221
1232
1237
1239
1245
1252
1259
1292
1304
1308
1320
1321
1326
1329
1338
1340
1341
1344
1360
1365
1372
1374
1378
1383
1399
1421
1424
1433
1438
1452
1472
1483
1491
1491
1503
1507
1511
1520
1524
1528
1530
1558
1588
1614
1618
1618
1618
1620
1622
1628
1646
1647
1659
1675
1686
1698
1700
1719
1720
1725
1729
1735
1738
1738
1753
1763
1770
1780
1804
1816
1816
1826
1832
1834
1837
1841
1858
1858
1862
1863
1875
1886
1886
1893
1896
1904
1918
1925
1929
1953
1969
1971
1976
1981
1985
2000
2006
2033
2034
2034
2041
2051
2065
2071
2074
2092
2102
2104
2107
2107
2145
2149
2152
2157
2158
2161
2163
2164
2174
2178
2196
2200
2204
2206
2211
2222
2234
2274
2278
2280
2280
2283
2283
2303
2304
2305
2309
2321
2322
2339
2341
2360
2365
2375
2376
2389
2391
2401
2406
2406
2412
2421
2427
2428
2429
2431
2437
2445
2449
2471
2475
2483
2487
2500
2501
2509
2512
2514
2514
2528
2529
2556
2561
2562
2569
2572
2574
2576
2585
2591
2607
2626
2629
2634
2634
2652
2660
2662
2673
2678
2695
2695
2697
2718
2728
2729
2736
2739
2756
2761
2763
2772
2773
2776
2779
2780
2783
2792
2803
2814
2825
2830
2831
2834
2845
2855
2857
2858
2863
2863
2866
2877
2901
2910
2910
2914
2915
2922
2941
2952
2958
2960
2967
2969
2981
2987
2995
3008
3018
3024
3032
3039
3045
3051
3057
3059
3062
3066
3081
3083
3104
3106
3119
3122
3128
3130
3134
3140
3141
3152
3160
3172
3185
3196
3196
3202
3207
3207
3222
3237
3240
3243
3248
3250
3254
3256
3257
3278
3288
3299
3302
3306
3307
3313
3323
3329
3345
3347
3347
3358
3371
3380
3399
3404
3406
3417
3422
3435
3438
3441
3473
3477
3478
3490
3490
3517
3521
3532
3538
3540
3543
3550
3553
3556
3566
3583
3600
3621
3624
3656
3674
3677
3688
3711
3715
3730
3736
3741
3750
3761
3767
3771
3784
3791
3796
3844
3845
3845
3855
3856
3860
3880
3909
3910
3919
3930
3947
3958
3967
3971
3976
3978
3984
4014
4018
4024
4035
4035
4053
4056
4064
4068
4070
4072
4088
4105
4107
4113
4120
4125
4129
4148
4159
4175
4177
4193
4214
4217
4226
4239
4259
4264
4266
4270
4276
4299
4301
4312
4329
4338
4341
4348
4352
4353
4369
4371
4375
4381
4383
4389
4392
4410
4416
4418
4421
4432
4464
4469
4471
4478
4479
4489
4498
4502
4503
4504
4536
4541
4546
4550
4553
4553
4555
4561
4602
4602
4614
4616
4640
4641
4643
4665
4666
4674
4710
4714
4721
4726
4733
4742
4743
4744
4752
4770
4780
4782
4789
4790
4793
4794
4804
4807
4815
4818
4833
4834
4836
4845
4867
4870
4880
4884
4897
4899
4914
4915
4918
4925
4933
4951
4968
4975
4987
4990
4994
5006
5012
5020
5030
5032
5033
5059
5064
5067
5080
5091
5093
5105
5117
5126
5132
5140
5143
5150
5150
5154
5154
5161
5171
5172
5179
5191
5200
5215
5233
5243
5249
5251
5287
5289
5294
5296
5300
5319
5319
5345
5352
5363
5370
5385
5394
5413
5425
5426
5429
5447
5450
5454
5454
5469
5471
5473
5485
5489
5495
5504
5521
5537
5567
5577
5580
5591
5592
5594
5607
5625
5626
5628
5650
5650
5664
5665
5691
5692
5711
5728
5729
5732
5736
5745
5745
5748
5750
5755
5757
5760
5762
5775
5784
5797
5819
5838
5840
5842
5849
5854
5856
5874
5879
5880
5887
5892
5893
5893
5898
5899
5923
5936
5949
5952
5960
5961
5973
5984
5985
5991
5995
6000
6022
6022
6024
6028
6031
6045
6048
6057
6064
6098
6110
6112
6112
6127
6151
6160
6167
6177
6179
6188
6190
6195
6198
6217
6220
6227
6247
6248
6250
6253
6258
6276
6281
6286
6286
6298
6305
6310
6343
6347
6350
6357
6369
6373
6383
6391
6400
6406
6411
6416
6419
6421
6426
6435
6436
6438
6440
6452
6468
6470
6478
6481
6504
6509
6509
6523
6526
6542
6565
6587
6597
6622
6627
6648
6656
6667
6669
6682
6685
6703
6712
6714
6714
6752
6769
6769
6780
6782
6793
6801
6822
6828
6835
6837
6847
6871
6872
6873
6874
6885
6896
6897
6898
6907
6916
6936
6944
6960
6984
6985
6987
7005
7026
7037
7074
7081
7083
7110
7116
7118
7124
7153
7164
7177
7181
7183
7190
7198
7201
7256
7257
7257
7265
7266
7273
7276
7280
7299
7300
7301
7305
7306
7310
7316
7317
7318
7323
7343
7352
7355
7365
7369
7372
7374
7377
7388
7408
7415
7421
7429
7451
7452
7460
7466
7468
7482
7483
7498
7502
7505
7509
7520
7520
7529
7530
7534
7534
7544
7550
7551
7558
7563
7565
7580
7580
7581
7590
7606
7609
7616
7626
7629
7631
7632
7635
7654
7655
7657
7667
7684
7690
7694
7715
7727
7730
7738
7740
7755
7792
7792
7796
7835
7839
7858
7876
7882
7893
7903
7907
7907
7918
7925
7926
7927
7936
7948
7949
7950
7956
7967
7979
7981
8003
8014
8031
8039
8069
8072
8080
8082
8091
8105
8113
8113
8113
8118
8120
8128
8139
8139
8144
8169
8185
8194
8201
8206
8206
8222
8227
8231
8232
8234
8240
8243
8248
8255
8256
8260
8260
8279
8283
8298
8302
8308
8319
8340
8350
8358
8361
8364
8392
8395
8401
8407
8424
8428
8429
8434
8438
8447
8449
8456
8464
8465
8473
8489
8496
8496
8496
8496
8499
8503
8505
8514
8541
8543
8554
8570
8584
8594
8604
8615
8631
8644
8659
8667
8676
8685
8698
8698
8719
8726
8731
8735
8750
8752
8765
8792
8795
8833
8840
8846
8852
8855
8855
8864
8868
8874
8877
8913
8917
8922
8924
8927
8941
8944
8951
8952
8977
8981
8986
8991
9003
9020
9029
9031
9031
9042
9050
9058
9067
9073
9074
9078
9141
9145
9149
9153
9165
9171
9177
9184
9187
9204
9219
9226
9230
9235
9236
9266
9271
9278
9282
9290
9291
9322
9335
9335
9343
9344
9349
9354
9366
9367
9370
9371
9373
9375
9381
9392
9393
9396
9397
9409
9412
9416
9423
9432
9434
9451
9468
9478
9484
9488
9489
9497
9508
9510
9515
9515
9517
9520
9521
9525
9526
9532
9533
9540
9554
9557
9559
9567
9581
9587
9619
9619
9643
9660
9662
9664
9665
9668
9672
9686
9691
9705
9722
9728
9734
9745
9757
9782
9796
9802
9814
9815
9826
9847
9849
9858
9859
9861
9879
9890
9896
9902
9912
9938
9938
9948
9951
9955
9957
9958
9965
9979
9985
9991
9998
10021
10022
10042
10050
10066
10074
10077
10099
10109
10113
10118
10121
10141
10144
10154
10168
10184
10186
10192
10198
10202
10226
10227
10238
10241
10247
10256
10272
10294
10310
10326
10340
10347
10371
10380
10381
10388
10399
10400
10407
10408
10415
10422
10434
10453
10462
10481
10485
10492
10508
10517
10525
10536
10540
10541
10551
10552
10568
10571
10575
10577
10597
10605
10614
10632
10633
10649
10651
10657
10668
10674
10677
10679
10679
10681
10692
10705
10709
10716
10739
10749
10754
10754
10756
10756
10760
10776
10779
10782
10788
10806
10829
10850
10851
10854
10860
10893
10895
10897
10913
10916
10919
10930
10934
10939
10942
10943
10950
10953
10962
10976
10976
10981
10985
10988
10995
10996
10998
10999
11006
11009
11026
11033
11037
11055
11056
11069
11091
11100
11108
11108
11111
11127
11131
11133
11139
11141
11145
11150
11158
11162
11164
11165
11165
11169
11180
11195
11211
11222
11222
11223
11230
11252
11277
11280
11301
11309
11316
11328
11331
11341
11358
11359
11362
11371
11375
11380
11399
11413
11417
11420
11431
11450
11454
11454
11462
11464
11479
11485
11485
11523
11529
11540
11542
11543
11545
11548
11551
11551
11557
11561
11584
11600
11608
11612
11625
11625
11628
11630
11632
11659
11668
11669
11687
11702
11706
11729
11735
11742
11743
11743
11758
11768
11777
11779
11809
11818
11834
11834
11839
11854
11856
11858
11859
11860
11866
11868
11875
11890
11890
11906
11914
11936
11949
11967
11969
11982
12001
12027
12039
12045
12052
12073
12077
12082
12089
12109
12113
12116
12116
12120
12129
12135
12140
12149
12160
12162
12168
12185
12191
12197
12212
12224
12225
12228
12246
12258
12259
12276
12318
12318
12320
12326
12351
12356
12366
12379
12386
12405
12442
12459
12467
12470
12472
12477
12484
12489
12505
12507
12508
12529
12532
12536
12557
12566
12579
12583
12592
12593
12600
12614
12621
12623
12638
12643
12645
12664
12672
12677
12684
12697
12714
12715
12719
12723
12726
12729
12730
12731
12746
12749
12755
12758
12778
12780
12784
12804
12809
12812
12812
12823
12838
12843
12858
12873
12874
12877
12925
12935
12945
12952
12956
12965
12972
12979
12988
12990
12997
13004
13005
13030
13033
13050
13059
13059
13060
13061
13063
13072
13076
13076
13108
13123
13127
13159
13176
13196
13199
13201
13212
13218
13232
13252
13261
13262
13267
13279
13293
13295
13297
13311
13315
13336
13350
13357
13365
13366
13369
13377
13378
13380
13413
13420
13421
13434
13442
13442
13473
13477
13503
13505
13529
13538
13550
13550
13550
13556
13559
13561
13577
13577
13594
13600
13601
13621
13630
13634
13636
13653
13658
13668
13669
13679
13718
13740
13759
13778
13783
13796
13798
13800
13803
13815
13816
13828
13845
13871
13876
13879
13880
13900
13906
13918
13923
13928
13930
13943
13953
13966
13967
13979
13982
14002
14008
14030
14030
14042
14069
14070
14082
14105
14105
14110
14115
14118
14124
14136
14152
14154
14162
14162
14177
14184
14184
14190
14193
14194
14196
14205
14207
14223
14235
14237
14254
14259
14261
14265
14280
14285
14286
14289
14292
14307
14322
14330
14332
14332
14335
14350
14351
14353
14357
14371
14383
14385
14389
14392
14396
14434
14435
14440
14462
14464
14467
14467
14472
14476
14491
14494
14498
14508
14510
14513
14514
14518
14518
14523
14531
14536
14548
14549
14552
14554
14559
14561
14562
14562
14581
14589
14589
14605
14611
14626
14634
14644
14651
14675
14680
14688
14689
14693
14695
14700
14712
14745
14754
14757
14776
14783
14791
14797
14803
14815
14818
14822
14829
14848
14850
14857
14863
14891
14892
14905
14922
14927
14935
14955
14955
14956
14956
14960
14996
15000
15046
15065
15080
15089
15090
15098
15100
15110
15141
15161
15166
15173
15179
15181
15186
15188
15196
15200
15203
15207
15210
15211
15213
15213
15219
15221
15229
15262
15268
15282
15283
15292
15297
15316
15316
15326
15333
15341
15354
15357
15357
15362
15366
15375
15381
15381
15395
15406
15407
15408
15431
15445
15448
15448
15448
15449
15479
15482
15488
15493
15506
15514
15516
15521
15537
15538
15555
15557
15558
15566
15579
15587
15597
15598
15599
15618
15621
15626
15642
15645
15653
15660
15669
15687
15693
15695
15698
15702
15711
15721
15733
15741
15766
15771
15777
15779
15795
15802
15805
15818
15820
15850
15863
15883
15887
15924
15934
15949
15953
15956
15960
15981
15984
16010
16049
16061
16063
16078
16084
16091
16098
16105
16118
16129
16168
16169
16175
16182
16184
16184
16186
16187
16218
16234
16238
16246
16251
16276
16277
16285
16288
16306
16309
16322
16327
16329
16338
16351
16369
16376
16379
16381
16386
16389
16393
16394
16409
16428
16432
16439
16444
16454
16454
16482
16485
16487
16488
16491
16502
16526
16529
16530
16533
16548
16559
16563
16564
16582
16590
16599
16603
16619
16622
16627
16644
16647
16661
16665
16675
16677
16689
16692
16701
16706
16707
16709
16715
16725
16737
16749
16762
16767
16774
16786
16790
16803
16803
16823
16823
16824
16836
16848
16859
16863
16868
16869
16872
16876
16879
16880
16887
16905
16909
16917
16917
16919
16922
16927
16940
16948
16953
16970
16978
16986
16990
17003
17017
17024
17035
17041
17056
17065
17074
17088
17089
17096
17098
17099
17099
17119
17130
17134
17139
17141
17168
17202
17230
17237
17259
17274
17278
17284
17292
17295
17300
17317
17323
17331
17331
17333
17338
17361
17363
17367
17368
17369
17376
17390
17399
17405
17407
17416
17422
17429
17430
17448
17456
17462
17473
17473
17478
17485
17487
17487
17503
17515
17523
17529
17531
17535
17536
17553
17565
17576
17577
17577
17577
17578
17581
17606
17610
17613
17617
17619
17621
17625
17627
17627
17629
17632
17636
17645
17653
17665
17671
17678
17688
17694
17694
17698
17704
17705
17705
17710
17752
17769
17770
17812
17813
17837
17840
17845
17846
17851
17852
17855
17860
17863
17882
17884
17887
17894
17900
17908
17910
17940
17941
17949
17957
17959
17970
17980
17994
17994
18042
18054
18073
18087
18111
18125
18133
18138
18139
18141
18142
18143
18146
18157
18167
18175
18185
18191
18201
18206
18211
18217
18221
18222
18229
18253
18254
18258
18267
18288
18297
18302
18326
18341
18348
18362
18362
18365
18368
18375
18381
18382
18387
18399
18407
18410
18414
18416
18416
18419
18432
18435
18446
18447
18457
18464
18464
18482
18484
18493
18495
18502
18516
18525
18536
18540
18551
18567
18567
18569
18576
18582
18584
18593
18594
18594
18595
18597
18602
18616
18619
18635
18639
18642
18644
18671
18673
18673
18674
18679
18681
18687
18693
18694
18696
18712
18715
18716
18719
18727
18743
18746
18750
18765
18771
18772
18779
18781
18781
18791
18796
18801
18804
18809
18810
18814
18820
18830
18833
18841
18841
18857
18873
18875
18877
18890
18892
18900
18914
18915
18917
18920
18934
18938
18942
18946
18949
18954
18957
18957
18959
18966
18968
18979
18981
19001
19004
19009
19013
19014
19021
19036
19040
19044
19047
19050
19055
19058
19061
19062
19075
19076
19118
19120
19130
19134
19136
19138
19175
19191
19196
19204
19205
19206
19206
19207
19226
19238
19240
19253
19269
19272
19275
19279
19280
19283
19285
19286
19293
19306
19310
19313
19319
19320
19324
19332
19348
19381
19382
19391
19393
19394
19396
19398
19421
19427
19437
19442
19442
19448
19448
19459
19471
19480
19483
19485
19488
19497
19504
19506
19517
19518
19535
19541
19543
19551
19554
19557
19562
19567
19569
19572
19580
19592
19594
19603
19622
19626
19628
19642
19655
19668
19670
19677
19680
19690
19696
19699
19701
19714
19716
19722
19724
19727
19742
19749
19755
19777
19783
19788
19796
19817
19818
19863
19883
19888
19889
19890
19900
19912
19930
19937
19947
19954
20000
20009
20009
20022
20036
20045
20046
20053
20062
20067
20071
20084
20085
20107
20113
20119
20149
20150
20158
20163
20169
20170
20178
20185
20189
20192
20204
20206
20210
20233
20236
20237
20245
20247
20255
20279
20281
20282
20291
20310
20312
20315
20328
20336
20339
20340
20349
20356
20357
20372
20374
20381
20387
20390
20393
20394
20399
20412
20417
20427
20451
20452
20468
20470
20479
20486
20493
20511
20514
20519
20529
20545
20547
20549
20549
20556
20566
20573
20578
20580
20600
20610
20610
20623
20627
20634
20635
20642
20651
20654
20670
20684
20710
20715
20720
20722
20729
20733
20736
20739
20754
20763
20768
20775
20776
20779
20786
20819
20826
20834
20838
20844
20854
20863
20873
20880
20883
20885
20886
20893
20908
20912
20915
20921
20926
20926
20953
20978
20979
20992
21008
21010
21027
21041
21059
21060
21081
21081
21086
21088
21091
21092
21094
21107
21111
21127
21135
21152
21153
21164
21179
21186
21193
21193
21210
21211
21212
21217
21219
21220
21226
21254
21264
21273
21276
21283
21299
21308
21308
21317
21324
21337
21344
21353
21362
21367
21373
21375
21388
21398
21402
21410
21414
21435
21436
21441
21448
21458
21460
21484
21494
21498
21519
21521
21522
21535
21547
21568
21572
21578
21579
21580
21588
21589
21591
21602
21625
21626
21649
21650
21656
21664
21665
21665
21673
21690
21701
21724
21725
21728
21730
21737
21749
21751
21767
21771
21784
21794
21801
21801
21817
21819
21823
21824
21827
21827
21832
21834
21834
21850
21863
21865
21871
21880
21881
21889
21896
21906
21907
21916
21918
21940
21943
21945
21949
21951
21952
21972
21982
21983
21989
22006
22017
22018
22020
22027
22036
22044
22047
22051
22055
22057
22065
22075
22096
22101
22103
22111
22120
22159
22164
22165
22177
22182
22188
22204
22211
22225
22227
22229
22243
22252
22263
22279
22281
22290
22296
22302
22315
22318
22328
22339
22341
22374
22376
22386
22397
22410
22416
22422
22438
22440
22453
22461
22479
22480
22480
22483
22484
22485
22489
22493
22496
22502
22503
22539
22542
22544
22549
22559
22559
22567
22571
22610
22617
22619
22636
22639
22652
22661
22668
22678
22690
22693
22703
22705
22709
22720
22727
22728
22728
22728
22736
22739
22747
22749
22802
22805
22810
22813
22816
22825
22835
22850
22854
22877
22885
22887
22887
22904
22906
22912
22916
22925
22927
22927
22936
22947
22950
22958
22970
22985
22993
22999
23005
23007
23011
23018
23020
23022
23032
23034
23035
23037
23042
23047
23074
23082
23084
23099
23107
23110
23151
23168
23171
23177
23181
23186
23195
23202
23218
23221
23221
23225
23231
23234
23238
23252
23259
23261
23264
23269
23270
23293
23305
23305
23312
23317
23324
23333
23335
23343
23359
23360
23369
23396
23406
23412
23413
23418
23418
23442
23444
23461
23463
23463
23480
23486
23495
23499
23509
23518
23536
23547
23559
23565
23568
23576
23580
23583
23585
23589
23592
23592
23592
23601
23626
23627
23632
23638
23644
23663
23724
23725
23731
23743
23757
23764
23783
23797
23798
23803
23811
23812
23813
23816
23817
23822
23825
23825
23837
23839
23872
23874
23875
23875
23894
23897
23920
23927
23929
23929
23939
23944
23958
23958
23959
23960
23962
23966
23970
23990
23991
23999
24001
24012
24014
24014
24020
24040
24048
24057
24067
24070
24074
24075
24097
24101
24110
24121
24126
24131
24137
24154
24159
24161
24168
24184
24193
24196
24203
24203
24215
24223
24227
24257
24264
24270
24270
24276
24279
24279
24279
24281
24293
24294
24303
24321
24339
24350
24358
24359
24360
24374
24376
24376
24398
24402
24417
24436
24444
24455
24464
24479
24483
24488
24489
24515
24525
24528
24530
24537
24538
24544
24556
24566
24598
24600
24600
24623
24630
24660
24667
24676
24677
24679
24702
24737
24742
24746
24755
24765
24767
24781
24798
24837
24840
24841
24843
24844
24846
24858
24876
24885
24888
24889
24891
24896
24909
24920
24921
24928
24932
24955
24961
24961
24961
24961
24972
24983
24995
25013
25014
25014
25016
25040
25043
25044
25053
25058
25068
25078
25081
25083
25095
25098
25100
25100
25109
25114
25118
25119
25120
25127
25144
25147
25181
25188
25196
25204
25204
25211
25218
25225
25233
25258
25275
25285
25291
25295
25303
25317
25326
25331
25334
25341
25350
25365
25371
25375
25399
25406
25416
25416
25416
25424
25432
25459
25466
25470
25479
25485
25492
25527
25547
25555
25557
25560
25570
25580
25587
25593
25600
25618
25624
25627
25629
25630
25639
25655
25657
25670
25671
25698
25702
25707
25709
25729
25736
25743
25752
25753
25755
25755
25766
25782
25793
25816
25818
25818
25819
25820
25821
25825
25825
25834
25840
25856
25864
25872
25875
25879
25883
25890
25890
25894
25895
25895
25897
25898
25899
25902
25903
25908
25914
25919
25923
25923
25923
25927
25946
25951
25956
25967
25967
25968
25969
25970
25971
26011
26017
26020
26028
26029
26030
26044
26050
26052
26069
26070
26070
26082
26083
26089
26096
26099
26116
26120
26120
26126
26135
26141
26145
26149
26149
26153
26155
26158
26176
26178
26189
26194
26225
26227
26236
26239
26244
26244
26252
26262
26275
26276
26308
26309
26313
26325
26341
26347
26363
26367
26382
26382
26388
26391
26395
26399
26402
26411
26417
26421
26424
26428
26445
26454
26457
26461
26467
26469
26472
26484
26488
26495
26524
26554
26558
26567
26575
26584
26594
26594
26644
26651
26654
26660
26663
26673
26674
26684
26689
26694
26707
26716
26724
26729
26731
26733
26734
26737
26739
26743
26760
26766
26776
26782
26792
26796
26798
26802
26809
26810
26818
26822
26826
26828
26847
26850
26854
26854
26861
26872
26874
26876
26877
26885
26889
26895
26910
26913
26933
26951
26969
26975
26978
26979
26980
26983
26983
26988
27008
27025
27031
27036
27037
27037
27040
27043
27045
27047
27047
27053
27059
27061
27076
27084
27087
27093
27104
27158
27161
27170
27183
27188
27194
27198
27206
27214
27216
27225
27237
27237
27254
27255
27255
27262
27263
27271
27273
27303
27304
27305
27312
27319
27354
27356
27357
27376
27378
27379
27380
27393
27397
27410
27426
27444
27444
27445
27448
27461
27463
27489
27496
27498
27499
27518
27519
27527
27535
27542
27544
27581
27583
27591
27592
27600
27604
27609
27638
27638
27652
27653
27663
27664
27672
27685
27699
27713
27722
27722
27725
27729
27761
27773
27774
27776
27792
27799
27802
27809
27832
27853
27861
27866
27870
27875
27884
27904
27905
27905
27906
27909
27921
27932
27942
27952
27953
27963
27968
27979
27990
28007
28011
28016
28017
28019
28025
28035
28091
28095
28099
28119
28130
28133
28139
28162
28175
28202
28207
28207
28209
28220
28222
28227
28247
28250
28256
28265
28277
28294
28295
28296
28300
28300
28316
28323
28331
28346
28348
28352
28354
28359
28374
28376
28377
28391
28396
28412
28412
28414
28422
28426
28438
28447
28451
28481
28492
28493
28494
28496
28496
28506
28509
28514
28514
28521
28521
28561
28565
28569
28590
28596
28603
28604
28611
28615
28626
28638
28642
28646
28662
28682
28691
28698
28701
28712
28714
28719
28723
28736
28737
28744
28745
28754
28773
28783
28783
28785
28788
28789
28794
28808
28816
28819
28821
28826
28837
28843
28863
28863
28870
28874
28885
28903
28912
28914
28914
28920
28921
28922
28943
28962
28964
28974
28975
28978
28982
28986
29000
29021
29032
29034
29071
29074
29088
29100
29100
29103
29105
29106
29112
29114
29117
29117
29121
29131
29134
29136
29141
29145
29151
29158
29178
29182
29185
29256
29258
29264
29306
29317
29352
29352
29354
29356
29364
29368
29374
29375
29384
29386
29404
29414
29420
29422
29436
29439
29452
29457
29459
29472
29474
29494
29510
29514
29517
29519
29524
29551
29553
29572
29574
29581
29588
29592
29607
29637
29639
29642
29643
29644
29646
29653
29654
29656
29668
29683
29687
29702
29704
29721
29753
29758
29769
29778
29781
29786
29828
29831
29831
29837
29849
29849
29853
29874
29876
29884
29888
29895
29909
29922
29945
29951
29959
29972
29981
29981
29986
29986
29995
30002
30026
30028
30053
30059
30062
30069
30071
30090
30095
30102
30102
30108
30109
30123
30135
30144
30158
30167
30180
30185
30186
30187
30196
30200
30206
30208
30224
30235
30248
30250
30261
30265
30275
30283
30290
30291
30306
30339
30349
30350
30359
30364
30367
30367
30376
30381
30418
30418
30420
30424
30431
30432
30438
30440
30441
30454
30460
30476
30478
30493
30504
30505
30516
30518
30524
30533
30534
30579
30594
30599
30603
30605
30606
30610
30611
30612
30613
30619
30634
30638
30642
30647
30649
30663
30690
30701
30702
30708
30719
30721
30723
30736
30765
30771
30772
30776
30784
30787
30790
30802
30818
30822
30825
30827
30834
30838
30840
30844
30847
30853
30864
30877
30888
30888
30891
30897
30911
30937
30938
30949
30949
30950
30954
30955
30964
30976
30988
31002
31013
31014
31019
31021
31032
31041
31056
31069
31069
31073
31073
31081
31083
31090
31104
31117
31123
31134
31138
31139
31148
31176
31183
31184
31187
31190
31190
31193
31195
31205
31207
31210
31221
31245
31254
31269
31273
31277
31294
31297
31302
31310
31318
31329
31344
31347
31347
31352
31374
31375
31383
31391
31401
31401
31405
31414
31418
31422
31423
31423
31447
31470
31472
31483
31486
31492
31499
31509
31511
31514
31514
31531
31535
31543
31549
31553
31559
31563
31569
31572
31582
31591
31599
31603
31604
31616
31618
31625
31630
31635
31647
31647
31684
31694
31701
31705
31715
31721
31722
31722
31726
31730
31740
31742
31782
31782
31785
31791
31792
31793
31802
31805
31807
31808
31820
31827
31858
31858
31859
31863
31892
31911
31921
31923
31925
31925
31930
31931
31939
31939
31941
31945
31958
31964
31964
31966
31966
31969
31988
31997
32011
32020
32025
32027
32044
32051
32054
32057
32063
32077
32088
32094
32106
32121
32134
32155
32157
32159
32162
32182
32184
32197
32202
32214
32216
32228
32231
32234
32248
32253
32253
32257
32266
32269
32277
32278
32287
32299
32319
32324
32333
32387
32408
32410
32416
32417
32424
32455
32460
32462
32463
32466
32486
32487
32504
32518
32524
32524
32525
32525
32529
32530
32533
32544
32562
32572
32586
32588
32595
32604
32646
32647
32649
32654
32667
32670
32684
32700
32708
32712
32725
32737
32748
32755
