23
91
286
312
422
426
485
496
540
560
639
874
878
920
923
933
1025
1392
1486
1500
1543
1578
1703
1706
1840
1869
1949
1975
2068
2081
2083
2159
2207
2374
2393
2407
2459
2500
2732
2747
3056
3082
3118
3178
3299
3463
3472
3489
3546
3572
3630
3636
3669
3705
3805
3815
3865
3935
3967
4190
4270
4274
4388
4511
4649
4656
4680
4713
4819
4890
5101
5256
5257
5266
5292
5375
5438
5514
5574
5623
5673
5703
5707
5724
5750
5882
5904
5946
5961
5972
5979
6102
6167
6183
6249
6261
6352
6428
6457
6539
6566
6591
6599
6602
6738
6748
6970
7031
7034
7133
7163
7193
7197
7204
7235
7254
7264
7288
7407
7440
7538
7554
7588
7668
7682
7695
7708
7715
7828
7836
7848
7935
7968
8037
8067
8123
8147
8179
8319
8330
8351
8387
8401
8455
8619
8749
8864
8894
8897
8926
8960
8966
9042
9126
9215
9273
9290
9342
9445
9501
9527
9602
9646
9885
9916
10014
10060
10139
10212
10478
10511
10527
10612
10705
10899
10961
11071
11102
11105
11127
11162
11186
11338
11360
11395
11493
11530
11557
11561
11584
11720
11756
11777
11942
11960
11988
11991
11996
12005
12025
12036
12078
12180
12257
12288
12425
12457
12484
12552
12554
12590
12603
12607
12643
12711
12714
12839
12859
12870
13069
13203
13238
13397
13445
13552
13655
13687
13736
13822
13861
13924
13976
14029
14054
14069
14104
14235
14304
14442
14575
14593
14617
14641
14671
14809
14955
15119
15171
15307
15448
15495
15687
15779
15967
16019
16101
16138
16201
16424
16494
16549
16620
16715
16769
16805
16853
16870
16892
16959
17004
17010
17023
17139
17202
17251
17257
17479
17525
17544
17611
17631
17632
17726
17758
17801
17802
17854
17925
17935
17999
18056
18102
18102
18103
18131
18149
18409
18452
18531
18702
18710
18744
18761
18830
18940
18983
19003
19038
19082
19222
19228
19615
19666
19708
19935
19972
19989
20079
20176
20212
20521
20656
20663
20666
20696
20727
20741
21029
21049
21057
21102
21177
21328
21351
21415
21447
21528
21649
21756
21791
21845
21846
21859
21903
21906
22045
22096
22120
22156
22185
22186
22207
22245
22351
22364
22391
22399
22399
22438
22452
22608
22615
22629
22665
22676
22719
22720
22723
22896
23034
23064
23108
23133
23177
23179
23191
23299
23359
23445
23542
23590
23610
23730
23875
23921
23955
24089
24092
24118
24145
24284
24529
24529
24531
24562
24733
24899
24906
24909
25005
25107
25123
25144
25193
26039
26044
26115
26136
26185
26201
26280
26321
26392
26461
26472
26521
26646
26730
26800
26870
26893
26898
27072
27118
27169
27237
27286
27331
27331
27417
27501
27524
27540
27866
27946
27948
27999
28024
28066
28127
28222
28292
28325
28452
28467
28522
28574
28578
28615
28663
28716
28752
28763
28791
28840
28891
28924
29043
29045
29061
29089
29149
29319
29438
29457
29532
29533
29537
29578
29581
29588
29684
29877
29950
30002
30174
30254
30311
30332
30415
30424
30464
30502
30681
30690
30706
30797
30907
30916
30917
31223
31264
31417
31424
31427
31538
31609
31653
31746
31800
32029
32157
32170
32215
32300
32371
32565
32593
32619
32693
32708
32758
