38
77
246
320
321
325
345
363
393
409
417
429
480
600
625
644
671
674
715
728
807
949
1321
1421
1530
1618
1620
1729
1735
1953
1985
2034
2041
2051
2107
2163
2211
2280
2283
2391
2431
2437
2445
2449
2509
2562
2629
2678
2695
2718
2728
2729
2773
2776
2803
2857
2941
2967
2981
3008
3152
3160
3196
3254
3313
3329
3347
3358
3371
3521
3600
3621
3767
3791
3910
3976
4014
4024
4053
4070
4177
4383
4410
4432
4478
4616
4714
4743
4789
4815
4870
5143
5172
5215
5319
5485
5711
5729
5819
5899
5923
5949
5991
5995
6022
6028
6045
6048
6110
6112
6179
6227
6350
6411
6835
6847
6873
7005
7118
7301
7323
7483
7520
7534
7558
7590
7684
7738
7839
8113
8231
8260
8260
8350
8424
8428
8447
8456
8496
8514
8584
8659
8698
8922
8951
9042
9145
9177
9184
9335
9375
9381
9393
9397
9525
9587
9660
9672
9686
9957
9998
10099
10141
10192
10226
10238
10294
10326
10347
10380
10434
10605
10614
10705
10782
10934
10943
10953
10985
10988
11006
11069
11141
11180
11211
11252
11331
11417
11454
11485
11529
11551
11561
11584
11608
11628
11702
11743
11818
11859
11875
12001
12116
12246
12326
12351
12505
12979
13060
13108
13123
13159
13232
13279
13336
13357
13378
13413
13561
13669
13679
13718
13900
14105
14152
14193
14259
14322
14371
14434
14498
14531
14552
14559
14605
14626
14644
14776
15080
15200
15219
15282
15431
15479
15521
15733
15802
15887
15934
15984
16078
16118
16169
16238
16322
16564
16582
16644
16803
16823
16823
16863
16876
16922
16940
16948
16953
17003
17089
17099
17119
17134
17407
17515
17529
17613
17627
17671
17812
17813
17860
17949
18217
18222
18297
18348
18381
18399
18416
18446
18457
18493
18584
18594
18674
18779
18791
18934
18942
18966
19001
19138
19191
19253
19332
19442
19471
19480
19569
19594
19696
19900
20000
20255
20281
20357
20399
20412
20417
20654
21008
21081
21092
21153
21164
21186
21276
21751
21827
21863
21896
21906
21951
21982
22017
22047
22177
22182
22296
22315
22328
22341
22397
22422
22461
22479
22493
22496
22539
22544
22703
22709
22728
22747
22805
22887
22958
22999
23011
23047
23231
23305
23360
23369
23461
23463
23576
23585
23663
23811
23894
23999
24040
24075
24203
24270
24281
24293
24436
24455
24566
24630
24660
24755
24798
24889
24921
25013
25120
25181
25218
25258
25285
25303
25365
25416
25416
25547
25555
25707
25709
25755
25834
25890
25923
26050
26052
26089
26149
26155
26189
26239
26275
26417
26428
26558
26567
26644
26737
26796
26809
26854
26889
26910
27037
27093
27161
27188
27356
27463
27519
27609
27652
27663
27802
27875
27884
27906
27990
28007
28095
28220
28227
28316
28354
28359
28412
28438
28521
28565
28682
28701
28745
28863
28922
29021
29032
29088
29352
29384
29414
29452
29517
29644
29653
29702
29753
29849
29853
29909
29922
29972
29981
29986
30108
30144
30186
30364
30438
30505
30534
30611
30719
30838
30840
30888
30949
31021
31041
31069
31139
31190
31401
31447
31509
31514
31549
31553
31603
31616
31630
31722
31726
31923
31941
31945
31964
32020
32231
32518
32524
32654
